900	0.01762253898906
920	0.017051359522118
940	0.022661470019079
960	0.027081771302371
980	0.012267424283058
1000	0.0048349508430119
0.1	1	1.5707151639054
900	0.019629995597147
920	0.014521441901621
940	0.014357730079693
960	0.019715060329108
980	0.016369359485144
1000	0.0064041402323856
0.1	1.4	1.3846381195693
900	0.023507343706118
920	0.021510546821209
940	0.012365165416248
960	0.015732274711077
980	0.017494210715828
1000	0.0073423800477719
0.1	1.8	1.3596009029161
900	0.027392847646195
920	0.050950714129044
940	0.011676962078446
960	0.014051835619052
980	0.018070586945106
1000	0.0089449157608541
0.1	2.2	1.5527842276735
900	0.040130885940242
920	0.056945215482986
940	0.011266054165578
960	0.012125619801826
980	0.020045297931601
1000	0.012110676543783
0.1	4	1.6879821316569
900	0.047284931742987
920	0.039138623053346
940	0.011421254929654
960	0.011731345924451
980	0.021198623438423
1000	0.012741757358568
0.1	6	1.6306482782799
900	0.051093358047402
920	0.037324681074141
940	0.011568242772378
960	0.011595557265417
980	0.021807087420959
1000	0.013721300719492
0.1	8	1.6641511289551
900	0.053379143532184
920	0.037237099543544
940	0.011679689619256
960	0.011531496612227
980	0.02217497477285
1000	0.01294736029286
0.1	10	1.6645852726559
900	0.05488097222489
920	0.037480316012513
940	0.011764035123756
960	0.011495629254811
980	0.02241990782867
1000	0.011786713887549
0.1	12	1.6543116204628
900	0.055935147804151
920	0.037778296236103
940	0.011829330602465
960	0.011473235963453
980	0.022594259236396
1000	0.013643267800467
0.1	14	1.7008576828276
900	0.016673223733137
920	0.016969188814588
940	0.023907754864453
960	0.023973008772099
980	0.010169069704
1000	0.0023471758663597
0.4	1	1.4108158989244
900	0.018841983056027
920	0.014380531703083
940	0.015475350952333
960	0.018901557337651
980	0.014251392086125
1000	0.0068087942537555
0.4	1.4	1.3349143407007
900	0.022087441759654
920	0.0113398068755
940	0.013673975117355
960	0.019477315832067
980	0.019535152019498
1000	0.0071213098687282
0.4	1.8	1.4477964552393
900	0.025334890142878
920	0.019977340420036
940	0.013044454883452
960	0.018879238600809
980	0.024309060715718
1000	0.0087595828078466
0.4	2.2	1.6384240768975
900	0.036321726683808
920	0.04846322149605
940	0.012617277712486
960	0.018600201672611
980	0.026255533736418
1000	0.011931103055255
0.4	4	1.9500036438835
900	0.043058171186489
920	0.064207811190778
940	0.01271351271547
960	0.01521176672132
980	0.025775693723132
1000	0.019300838134382
0.4	6	2.1237582590572
900	0.046968067102424
920	0.064457425274563
940	0.012816958825255
960	0.018856609708083
980	0.026017594986157
1000	0.013944877480295
0.4	8	2.127242662848
900	0.049476708369758
920	0.088181421176119
940	0.012896781449222
960	0.028780022284298
980	0.022443079200195
1000	0.0081661677051886
0.4	10	2.3242221218772
900	0.051210932786005
920	0.09371335870957
940	0.012957461864539
960	0.015191521492005
980	0.023481209107375
1000	0.020688620406955
0.4	12	2.3100142800082
900	0.052477353955861
920	0.097322103774175
940	0.013004446005157
960	0.023925639517057
980	0.026218172956885
1000	0.011558721212373
0.4	14	2.4359694961553
900	0.017113896211445
920	0.016959554180281
940	0.023106850696847
960	0.036467757751984
980	0.0098710396188963
1000	0.0036919389855344
0.7	1	1.7206590491514
900	0.017732773705627
920	0.014510162021339
940	0.015880200665021
960	0.0226403403687
980	0.015490718588736
1000	0.005534354546945
0.7	1.4	1.4345069494237
900	0.02278433578954
920	0.013761853900884
940	0.014220968712197
960	0.021754980811541
980	0.020995931265328
1000	0.0066728258439782
0.7	1.8	1.5561495565169
900	0.026282561378792
920	0.018958570676339
940	0.013662515590807
960	0.019752881753846
980	0.024903417225628
1000	0.0082495830687997
0.7	2.2	1.6702793058049
900	0.034288452938384
920	0.031277023323074
940	0.013322439026333
960	0.018406662600459
980	0.028895085625019
1000	0.011582169521232
0.7	4	1.8993948072035
900	0.044182094883417
920	0.041942737505814
940	0.013426364482368
960	0.02615346282838
980	0.028784334856172
1000	0.013015612009355
0.7	6	2.2117093854701
900	0.040271369354726
920	0.048978740903345
940	0.013524975586943
960	0.025512082519344
980	0.028533542962181
1000	0.01368465238506
0.7	8	2.237489236476
900	0.04516158340382
920	0.053679253308894
940	0.013598489814702
960	0.020965821379191
980	0.028349183104174
1000	0.014061308729462
0.7	10	2.1764297010366
900	0.050235182616863
920	0.056964655894696
940	0.013653354540145
960	0.026440885564289
980	0.028217534988239
1000	0.01430022812071
0.7	12	2.3474151036885
900	0.0461111674268
920	0.060500724298282
940	0.01369537332077
960	0.024239899371307
980	0.028120900663715
1000	0.014016572647644
0.7	14	2.2967514224424
900	0.01710695874203
920	0.016957932599109
940	0.023539215471681
960	0.0229750444961
980	0.0098035566071159
1000	0.0041129898210873
1	1	1.4079939813629
900	0.018545152860808
920	0.014645325944851
940	0.015997984885188
960	0.023288987216399
980	0.015899260996811
1000	0.0054982949634349
1	1.4	1.4647471799418
900	0.021424811345672
920	0.016443764354489
940	0.014440007411401
960	0.02342142992388
980	0.02203064959026
1000	0.0068963177219235
1	1.8	1.6426947589418
900	0.024162040872478
920	0.018757110353935
940	0.01429081987816
960	0.023982982585403
980	0.026268622156006
1000	0.0081000710211013
1	2.2	1.8053771017897
900	0.032374560247006
920	0.028195208041431
940	0.013701661042397
960	0.02584675692166
980	0.030677938599441
1000	0.0111279772932
1	4	2.0948021115656
900	0.0367369635239
920	0.034880408622359
940	0.012987500946278
960	0.026769733289178
980	0.030778539790572
1000	0.012388427505539
1	6	2.1890122667623
900	0.039077378104342
920	0.038890818666337
940	0.014929110317736
960	0.027253744576493
980	0.030653851081625
1000	0.012973523646886
1	8	2.2722699086118
900	0.040512448954882
920	0.041470276126183
940	0.013429789894081
960	0.027550263500152
