900	0.10980139807236
920	0.031901788264508
940	0.015341844569592
960	0.011763393106159
980	0.0081756113220193
1000	0.0091748527767287
0.1	1	1.4459682648114
900	0.036137932787566
920	0.037402183567898
940	0.02622642501927
960	0.054508915865393
980	0.0068118217357083
1000	0.0041661326404231
0.1	1.4	2.3272995526179
900	0.030099029803558
920	0.026638240379297
940	0.029943185637957
960	0.022191422550137
980	0.0085001308859186
1000	0.0042806209611436
0.1	1.8	1.5618571620682
900	0.030285436088685
920	0.024751468712933
940	0.025192726712867
960	0.024704913991791
980	0.010781828578322
1000	0.0050406513203262
0.1	2.2	1.6079433392943
900	0.033291275037143
920	0.034554013756428
940	0.016745527988096
960	0.031359198163344
980	0.019455915138797
1000	0.0081267443032849
0.1	4	1.9826208488318
900	0.037809471165918
920	0.04243635206116
940	0.015414484208221
960	0.030987428618082
980	0.021056271374343
1000	0.01046745467695
0.1	6	2.1022872560178
900	0.041578831341071
920	0.046964632065693
940	0.015063700558413
960	0.030532938075137
980	0.02078864453542
1000	0.010947838400663
0.1	8	2.1289228902745
900	0.044479558145267
920	0.049823518624962
940	0.014935688600325
960	0.030230274531057
980	0.020435714506128
1000	0.013011546086741
0.1	10	2.1786229967479
900	0.046700183945129
920	0.05177686386656
940	0.014881759675787
960	0.030024529253947
980	0.020161779891364
1000	0.012477922119079
0.1	12	2.1746865859762
900	0.048424445240328
920	0.05319159273425
940	0.014857902048892
960	0.029877644757019
980	0.019957871895257
1000	0.0125973178988
0.1	14	2.1823291694034
900	0.053215851231905
920	0.022668017820744
940	0.011829237153888
960	0.0095952770548825
980	0.0081439538226404
1000	0.009291607921207
0.4	1	1.1085300513693
900	0.49863723104616
920	0.039457234503207
940	0.020977453934039
960	0.059108790525576
980	0.0066340191032619
1000	0.0058654595566714
0.4	1.4	3.8105967657778
900	0.44851922215306
920	0.033954830522073
940	0.032422859090057
960	0.060692433278966
980	0.0075274867000118
1000	0.0051128130993405
0.4	1.8	3.847820864572
900	0.3616232077434
920	0.033648037551845
940	0.036212978354959
960	0.074612139211959
980	0.013325861853018
1000	0.005172605517525
0.4	2.2	4.1207779819886
900	0.30025042033037
920	0.029239329256135
940	0.030376409797612
960	0.13370245710461
980	0.019486108053671
1000	0.0078029540177653
0.4	4	5.4457540290657
900	0.28600485487655
920	0.029606220247777
940	0.027914857181686
960	0.15779307392289
980	0.022350862911731
1000	0.018536667988474
0.4	6	6.2307168934382
900	0.27901241864239
Abnormal absorption!!!	920
920	-0.00075791615813037
940	0.027015254252423
960	0.16935744367251
980	0.023418502467162
1000	0.010604716425004
0.4	8	6.1517677840137
900	0.27463491445699
920	0.030144918993439
940	0.02657837057772
960	0.17976812539173
980	0.020583163256216
1000	0.01008933596764
0.4	10	6.4990918699169
900	0.27158966719368
920	0.030348669772822
940	0.026328239092413
960	0.1804851934885
980	0.023520999310977
1000	0.011006728152905
0.4	12	6.5951409843124
900	0.26933502055765
920	0.030511131425022
940	0.026168885591426
960	0.17654586524534
980	0.024103019839504
1000	0.014706587905391
0.4	14	6.5789888888996
900	0.042817010115785
920	0.021253240390772
940	0.012592124568432
960	0.0095299211576724
980	0.0085896047174788
1000	0.0070597980357121
0.7	1	1.0451458875017
900	0.23565587977571
920	0.041329156693517
940	0.020266062353506
960	0.021961196285763
980	0.0063409905136786
1000	0.0053566941067115
0.7	1.4	2.0932324776551
900	0.31347816073867
920	0.041929425787356
940	0.033569921892267
960	0.13126275207557
980	0.0073960353051831
1000	0.0056678319572955
0.7	1.8	5.2171924255931
900	0.2853492430853
920	0.036691556408254
940	0.040934994182098
960	0.10501135157256
980	0.0092165670242405
1000	0.0059508920875619
0.7	2.2	4.629843098014
900	0.24261986443791
920	0.030305137996903
940	0.038907059878611
960	0.11441175117426
980	0.017839991485507
1000	0.0078648376983484
0.7	4	4.904871729201
900	0.22866691922397
920	0.029771905886386
940	0.036314031087058
960	0.12601526683266
980	0.021780116771847
1000	0.0091481990793156
0.7	6	5.2212019864508
900	0.22289399875865
920	0.029838914215411
940	0.035278221682266
960	0.13788893746798
980	0.022995800250419
1000	0.0098847369285971
0.7	8	5.519232740819
900	0.21825168608905
920	0.029974417131271
940	0.034758879071351
960	0.13650660293218
980	0.023426572731391
1000	0.01034388793121
0.7	10	5.4840560218389
900	0.22256497318494
920	0.030102225255975
940	0.034456007834931
960	0.13773811031978
980	0.023598462886346
1000	0.01065245442715
0.7	12	5.5333793202578
900	0.21741099290355
920	0.027699967262161
940	0.034261129235237
960	0.13892378647845
980	0.023670927937278
1000	0.011673936845045
0.7	14	5.5499374806815
900	0.040956709708055
920	0.021002084240874
940	0.012331406952311
960	0.009265754030046
980	0.0086030841262369
1000	0.0083951211646897
1	1	1.0540833387749
900	0.18629596674433
920	0.042892078064891
940	0.020202245527825
960	0.022098472744332
980	0.0063362077682363
1000	0.0055803435556221
1	1.4	1.9590315338742
900	0.20610042541353
920	0.044648372285963
940	0.034136911099885
960	0.14218442306185
980	0.007341049195676
1000	0.005791009459797
1	1.8	5.1804567858166
900	0.18915534752424
920	0.03871362665912
940	0.043432248712778
960	0.10943558039843
980	0.0090083020084416
1000	0.0062425419883813
1	2.2	4.4956688076493
900	0.1646314388255
920	0.031774760386537
940	0.044627974609437
960	0.10555942967755
980	0.016134096604276
1000	0.0079459067677186
1	4	4.5114232288144
900	0.1582108745212
920	0.031220686829235
940	0.042775328711988
960	0.11096420579825
980	0.019492014301842
1000	0.008924803730183
1	6	4.69206265955
900	0.15541497937918
920	0.031302737641515
940	0.042175531240154
960	0.11395165131008
980	0.020787253744406
1000	0.0094385240298341
1	8	4.7889467470403
900	0.15380445920628
