900	0.032522186033611
920	0.03671343119235
940	0.12305817532797
960	0.022333655590268
980	0.013588406519575
1000	0.08772189082183
0.1	1	4.8714508085709
900	0.062908602859274
920	0.024889282750205
940	0.016504057840703
960	0.012888326683348
980	0.010406701050559
1000	0.010891176204993
0.1	1.4	1.3926643732541
900	0.060687661121585
920	0.036877829611659
940	0.020329844089322
960	0.049316263847314
980	0.0075693321466497
1000	0.0063184702645441
0.1	1.8	2.2420527704135
900	0.50546640622157
920	0.037625531582288
940	0.026209335967081
960	0.21717837277726
980	0.0077765258531508
1000	0.0059070490160438
0.1	2.2	7.7509503270792
900	0.064315214038028
920	0.032276648194339
940	0.025180866094054
960	0.081888817582055
980	0.012115073690145
1000	0.006662347126247
0.1	4	3.2062909475749
900	0.053522345791755
920	0.034632719232614
940	0.019205716116505
960	0.049154950371439
980	0.016570851189055
1000	0.008025938082723
0.1	6	2.4403549971563
900	0.051545623569787
920	0.038339915645291
940	0.017605637303963
960	0.04847262799812
980	0.018848982220249
1000	0.008573432309133
0.1	8	2.4832977106635
900	0.051483431434049
920	0.045708369575907
940	0.016978911498882
960	0.050910556007614
980	0.019601805515625
1000	0.010158759432847
0.1	10	2.6288350727833
900	0.051977728603993
920	0.047228978456886
940	0.016672822108253
960	0.049024057895588
980	0.019715953413215
1000	0.011030466402318
0.1	12	2.6096257613819
900	0.052620211782008
920	0.045508657546009
940	0.016502082674882
960	0.048359653066627
980	0.019611055463301
1000	0.011063203988606
0.1	14	2.5799868513415
900	0.031131881582257
920	0.030645487581891
940	0.063721661568534
960	0.017188557123817
980	0.0091396410267564
1000	0.42808203427818
0.4	1	10.381027140945
900	0.032038314108211
920	0.021615879461385
940	0.039165841252593
960	0.018308318713214
980	0.01331184429864
1000	0.0092140847822817
0.4	1.4	1.8030780002953
900	0.059815730098576
920	0.029837339601078
940	0.042311286903379
960	0.020392357144834
980	0.0096718053097335
1000	0.022783049163453
0.4	1.8	2.2177907100277
900	0.086289195553778
920	0.042059664504679
940	0.043998585462561
960	0.026471453135116
980	0.010102774184292
1000	0.024061325942364
0.4	2.2	2.5854916808902
900	0.10064719114691
920	0.03585742026749
940	0.045609337705871
960	0.025523052442059
980	0.012343673588309
1000	0.027698078964279
0.4	4	2.7194636206299
900	0.10740859599319
920	0.043868621757201
940	0.043641557271349
960	0.034967621832542
980	0.014340727670504
1000	0.026717048628079
0.4	6	3.018252436724
900	0.11035073994263
920	0.032359246251237
940	0.043174133718115
960	0.04194591955011
980	0.017125382932076
1000	0.029479522663148
0.4	8	3.2387722316642
900	0.11176472484499
920	0.03237607913904
940	0.043044780272193
960	0.029001990499888
980	0.015354926356998
1000	0.020177788319579
0.4	10	2.7010373939049
900	0.11250340064225
Abnormal absorption!!!	920
920	-0.013858627700155
940	0.043007736583425
960	0.036821938410214
980	0.018958692398086
1000	0.028662582601573
0.4	12	2.8546871578734
900	0.11291288553376
920	0.032593088758347
940	0.043001055928316
960	0.023963021630691
980	0.021524139818222
1000	0.037924597968808
0.4	14	3.0861012299354
900	0.030815762583291
920	0.029204427061818
940	0.028907576744289
960	0.014174435812874
980	0.0082771999593709
1000	0.12566388953543
0.7	1	3.7607741651641
900	0.029637843300377
920	0.022260232511321
940	0.088802327856364
960	0.018703961175392
980	0.014290199887703
1000	0.015997461142184
0.7	1.4	2.7468685252491
900	0.062861389273916
920	0.030385076297252
940	0.094208891375119
960	0.018239221782703
980	0.011699374068844
1000	0.037566878906241
0.7	1.8	3.3353374427459
900	0.073905221916724
920	0.041643200429454
940	0.099372376210267
960	0.019109840207855
980	0.011295075499486
1000	0.04647891191149
0.7	2.2	3.7085700110869
900	0.061460868116174
920	0.039572645854717
940	0.084154461805489
960	0.025213507715425
980	0.01143482882569
1000	0.049781455632636
0.7	4	3.634607574737
900	0.062750210437839
920	0.034862652142191
940	0.073090896524151
960	0.029713057612134
980	0.012138889468315
1000	0.048851258201951
0.7	6	3.542685134913
900	0.06405318635734
920	0.034315283346325
940	0.075521089257
960	0.031445052569339
980	0.011766072831167
1000	0.049239490719014
0.7	8	3.6216624480303
900	0.06495323919002
920	0.032458493817769
940	0.10333907723469
960	0.03198358191838
980	0.014798833339753
1000	0.05143032184219
0.7	10	4.1805848070704
900	0.065580800381401
920	0.037023640339164
940	0.087234219483747
960	0.032093389330275
980	0.015247704710314
1000	0.056415809325134
0.7	12	4.0707369453456
900	0.066034900314644
920	0.03210614970847
940	0.078398630427009
960	0.032052503520899
980	0.014163622686759
1000	0.051381722929792
0.7	14	3.7750453151719
900	0.030905842700089
920	0.028910441287099
940	0.022347964967793
960	0.01386594601843
980	0.0081298299113555
1000	0.0048301949383408
1	1	1.2599886319294
900	0.029415796436055
920	0.022054421171853
940	0.15620381849192
960	0.019452014749431
980	0.015666194370823
1000	0.020917040189494
1	1.4	3.9524162984897
900	0.063777717321744
920	0.029488054291035
940	0.16038502623575
960	0.017657943610861
980	0.013469088474086
1000	0.049523031701291
1	1.8	4.637223252868
900	0.070951453112024
920	0.041992618760851
940	0.16521408008101
960	0.017969551787033
980	0.012139663697231
1000	0.063279899979787
1	2.2	5.0605745237967
900	0.054544309939175
920	0.044175053570924
940	0.14987029050966
960	0.023015029761886
980	0.012600698678191
1000	0.070150291737786
1	4	5.0523155473411
900	0.054974217859486
920	0.039210342310545
940	0.13550369823652
960	0.026684017148203
980	0.013986075040062
1000	0.069573796647731
1	6	4.908020401663
900	0.055961294280289
920	0.037877491667842
940	0.13041371002175
960	0.028312791958174
980	0.014911892864774
1000	0.069361741310406
1	8	4.8806865500505
900	0.056704137313492
920	0.037381106421983
940	0.12967038577691
960	0.029062178804053
980	0.015516577252527
1000	0.069337773562628
1	10	4.9007008348719
