900	0.05654784295492
920	0.18306483323494
940	0.025614269381937
960	0.015523092236601
980	0.026686593431327
1000	0.010408200993887
0.1	1	2.9764510227872
900	0.028492775544465
920	0.025352184357982
940	0.089238928303486
960	0.020924543136268
980	0.014312006176954
1000	0.17385709344448
0.1	1.4	5.9399965173383
900	0.046195147548687
920	0.01992379994405
940	0.022233252435247
960	0.014889348270246
980	0.013282751917705
1000	0.033668209275333
0.1	1.8	1.9690360635755
900	0.063869507883744
920	0.025102344654861
940	0.021236140394562
960	0.028375391220473
980	0.0091714397592942
1000	0.010377162938479
0.1	2.2	1.8048706592012
900	0.49663345797196
920	0.034651317981935
940	0.034289431473818
960	0.23798312782989
980	0.0099238084280528
1000	0.0072130634669489
0.1	4	8.4135503798077
900	0.29921072518676
920	0.027927727777078
940	0.025206371064162
960	0.27653101168155
980	0.013259837171178
1000	0.0077861782434103
0.1	6	8.6506114731636
900	0.24024459726251
920	0.027793998380826
940	0.020313350059204
960	0.15113628706631
980	0.015923377245653
1000	0.0083658527318158
0.1	8	5.4397646109035
900	0.21545168322945
920	0.028326383971467
940	0.018460508732133
960	0.10266728470594
980	0.017624408873565
1000	0.0087551468422593
0.1	10	4.2167162690535
900	0.20237360591233
920	0.028885947164143
940	0.017571330753615
960	0.088855298648903
980	0.018579814819571
1000	0.0094550671428837
0.1	12	3.8699935023365
900	0.19449385336242
920	0.029377137629039
940	0.017072419627927
960	0.083014292091025
980	0.019073125444193
1000	0.0094761131895668
0.1	14	3.712656548823
900	0.031227828452459
920	0.061999932270883
940	0.019374644496742
960	0.014621313318144
980	0.014761568071695
1000	0.0087926479164497
0.4	1	1.6845467599988
900	0.032507168755876
920	0.030598951801313
940	0.026019216256752
960	0.012984681483847
980	0.011339583889122
1000	0.027750971645953
0.4	1.4	1.8436340331315
900	0.034518961012787
920	0.031700975339396
940	0.17673633399209
960	0.021066002627163
980	0.015278090781186
1000	0.050603541828875
0.4	1.8	4.9670350032856
900	0.042361182760734
920	0.036664413407152
940	0.19233763937277
960	0.020476834417302
980	0.02236925196402
1000	0.052905340495943
0.4	2.2	5.4737709802109
900	0.070349567703647
920	0.04395096383451
940	0.15465121934865
960	0.024712868977371
980	0.011838856860662
1000	0.15694681974719
0.4	4	6.9096979836519
900	0.074120725591767
920	0.035607372850238
940	0.14283521152921
960	0.029497857177251
980	0.013861683831099
1000	0.17307307598914
0.4	6	7.1666103428125
900	0.077309994361227
920	0.029523577294972
940	0.12755522909159
960	0.029976389624191
980	0.014264074640382
1000	0.17235136456825
0.4	8	6.9050547789284
900	0.079231997096767
920	0.033461889769527
940	0.11860223262617
960	0.030966084956913
980	0.016267790920613
1000	0.16769860853416
0.4	10	6.7768951140278
900	0.080426217673298
920	0.033408772494854
940	0.11400665756675
960	0.033605056079274
980	0.014169732435423
1000	0.1746576376995
0.4	12	6.8573700358672
900	0.081206206875619
920	0.033445438907305
940	0.111203292711
960	0.03060958848026
980	0.015353655957329
1000	0.16883279232726
0.4	14	6.6578365510769
900	0.024442379382291
920	0.025443014627225
940	0.017590695539277
960	0.014448631041253
980	0.011263907263287
1000	0.0071805091642753
0.7	1	1.2814059695207
900	0.038471945988145
920	0.04885330995891
940	0.030274776711059
960	0.014622935293873
980	0.011054843289478
1000	0.015561232514778
0.7	1.4	1.836489741281
900	0.038446000022433
920	0.068067067788896
940	0.072140169455939
960	0.02296285856128
980	0.016181811735626
1000	0.020154037590316
0.7	1.8	3.034562636002
900	0.043818365272965
920	0.069192117115895
940	0.075551786248967
960	0.019701388142924
980	0.016654297377856
1000	0.020774809703981
0.7	2.2	3.0567838992762
900	0.057718138870261
920	0.075337834434858
940	0.073894652536788
960	0.01906138222211
980	0.013598849067338
1000	0.026240056566603
0.7	4	3.1291788392424
900	0.053762262263571
920	0.047068375456804
940	0.059203274426737
960	0.025386314869661
980	0.014099830084403
1000	0.02516914039968
0.7	6	2.8510511995188
900	0.054429033461118
920	0.042561947083904
940	0.050991101425847
960	0.022509771804118
980	0.014696939424757
1000	0.024074969540663
0.7	8	2.6191639575135
900	0.05291936169785
920	0.041517399846582
940	0.047332594019976
960	0.020049226087358
980	0.015164166679742
1000	0.02329073964129
0.7	10	2.4870718775967
900	0.05644904178751
920	0.041114339459583
940	0.04568813353404
960	0.0266977408655
980	0.015516420758969
1000	0.022725172791111
0.7	12	2.6276743053666
900	0.054926113219696
920	0.039616279239499
940	0.044926403829103
960	0.027017962532647
980	0.015784908299627
1000	0.0223657755254
0.7	14	2.6088282301001
900	0.023071218473409
920	0.019949777908819
940	0.017603318320074
960	0.014359495691188
980	0.010575522803943
1000	0.0066339542258444
1	1	1.2126079488416
900	0.043053440016959
920	0.070831058412653
940	0.033737661369587
960	0.014613177497126
980	0.011317024852918
1000	0.012730712907591
1	1.4	1.9947262977138
900	0.042315114104448
920	0.10426221409359
940	0.054609768657209
960	0.023838109098429
980	0.016816158136866
1000	0.015549835647527
1	1.8	2.9467884064286
900	0.046236555079356
920	0.10675817758724
940	0.052681471919639
960	0.020150995777873
980	0.018262321940155
1000	0.016931462428801
1	2.2	2.9182066442088
900	0.060238064941233
920	0.11391173848517
940	0.055182573611257
960	0.018883966733021
980	0.014814216129891
1000	0.015799028581032
1	4	2.9075255998509
900	0.05111562871672
920	0.11490833416536
940	0.051319456828464
960	0.021067337128064
980	0.01486747803294
1000	0.014114457127497
1	6	2.8461609394132
900	0.04971455242928
920	0.092214091323148
940	0.046734567681565
960	0.022458659804854
980	0.015164218728973
1000	0.013299277176716
1	8	2.6506981579299
