900	0.057281164051137
920	0.026487693193952
940	0.02028703102701
960	0.0321154955325
980	0.033049321620016
1000	0.0080513879423461
0.1	1	2.412751027678
900	0.050051791650212
920	0.12935714969535
940	0.041169905425336
960	0.015656502537966
980	0.010321416950829
1000	0.0072590799805111
0.1	1.4	2.3969175975219
900	0.030272816748682
920	0.0281423192276
940	0.093416647402912
960	0.022495468728199
980	0.014761473242513
1000	0.1309339737035
0.1	1.8	5.2305593699975
900	0.038314174741491
920	0.020903376747572
940	0.038719091929978
960	0.0191053623781
980	0.017163151943692
1000	0.082019690265209
0.1	2.2	3.3621568195237
900	0.048151817644923
920	0.045551836581121
940	0.033150076412373
960	0.064785641235014
980	0.0089420171299383
1000	0.0080290220999619
0.1	4	2.9016348672584
900	0.047771942707524
920	0.029426874204677
940	0.044001061417258
960	0.083548052851203
980	0.01106185627966
1000	0.0082882985975247
0.1	6	3.4793903739
900	0.05708166171299
920	0.021473367650252
940	0.031428284170804
960	0.069499817438131
980	0.013672261851321
1000	0.0085309582534061
0.1	8	2.9896700988889
900	0.063881628626603
920	0.019110114937326
940	0.023216984865427
960	0.055707621829166
980	0.014911823002466
1000	0.0088031422968377
0.1	10	2.5691744471603
900	0.068580411633194
920	0.018171965109696
940	0.01953868254941
960	0.046936370042899
980	0.015687753358441
1000	0.0090677281810763
0.1	12	2.3322256057717
900	0.071897203210339
920	0.017733009005844
940	0.017649284110363
960	0.037858950175422
980	0.016964283314959
1000	0.0093083205345905
0.1	14	2.1268044525638
900	0.047218713558065
920	0.019484142964757
940	0.013520200242391
960	0.015412281970434
980	0.012491530564688
1000	0.0060386542511973
0.4	1	1.2802826458763
900	0.045673190607787
920	0.14388663850102
940	0.023177566769532
960	0.015241996919665
980	0.029906055205447
1000	0.0093464119797674
0.4	1.4	2.7080484273323
900	0.038021703987714
920	0.05279920544507
940	0.030074346682343
960	0.020523159169169
980	0.033623803084595
1000	0.018887390497708
0.4	1.8	2.6225648492056
900	0.036267953883223
920	0.05467902259381
940	0.06893252996002
960	0.024794619865355
980	0.034690216230791
1000	0.022947434295896
0.4	2.2	3.4490094826442
900	0.061927255890718
920	0.060052243103422
940	0.11309071012968
960	0.019919417395528
980	0.014266631959965
1000	0.012252477552379
0.4	4	3.4216123888863
900	0.035737534533324
920	0.058322837199138
940	0.094582380490103
960	0.023389181290495
980	0.014453385341522
1000	0.016379294711946
0.4	6	3.2099519495346
900	0.02983080083149
920	0.036699821526103
940	0.078113096544253
960	0.022324688210549
980	0.014687317503684
1000	0.026530873046886
0.4	8	2.9764858312449
900	0.028049907715351
920	0.0087397300750633
940	0.067350395681653
960	0.026504346557874
980	0.015136188379654
1000	0.019865145831297
0.4	10	2.6050896135557
900	0.027338578224529
920	0.026491159488736
940	0.061042808708687
960	0.025898183061281
980	0.016442078968322
1000	0.024364763105236
0.4	12	2.7229637655546
900	0.027017304964058
920	0.025023761550262
940	0.058034384824685
960	0.031258639942627
980	0.015067753879009
1000	0.024443702152958
0.4	14	2.7625915292584
900	0.029783288059591
920	0.016374111133989
940	0.011436853557399
960	0.009393107606655
980	0.007493860325056
1000	0.005178133649167
0.7	1	0.88872766601308
900	0.05173799109727
920	0.051301289893029
940	0.022092528002235
960	0.017824365220111
980	0.087195586490235
1000	0.010429178032959
0.7	1.4	3.6203208539227
900	0.049527332409702
920	0.14764531348803
940	0.027529294938759
960	0.020308514875294
980	0.086619714683295
1000	0.012482848697081
0.7	1.8	4.39682648904
900	0.049644372237471
920	0.13836571168771
940	0.04017593596089
960	0.026277483207768
980	0.085396408099408
1000	0.012880482500453
0.7	2.2	4.6587538163703
900	0.072825970673463
920	0.12242384832452
940	0.046214227827404
960	0.017368766677869
980	0.024026957811897
1000	0.010905119245357
0.7	4	2.9534515724441
900	0.047808053033044
920	0.1535758733959
940	0.048445489550873
960	0.018286722934383
980	0.024372766069161
1000	0.0072477944046645
0.7	6	3.0683565202184
900	0.037870969986975
920	0.13904092423518
940	0.039442811531472
960	0.019313455333132
980	0.024964408531134
1000	0.0094870111306617
0.7	8	2.8880083965437
900	0.034503354179634
920	0.087219999769334
940	0.047780387619743
960	0.020067469939954
980	0.019949755467886
1000	0.006177653316669
0.7	10	2.5087843171577
900	0.032970949291252
920	0.062782280949549
940	0.04761660206633
960	0.020604562813378
980	0.026425388933774
1000	0.0080107161005409
0.7	12	2.5554852443822
900	0.03214144184344
920	0.051531910193314
940	0.050474884288366
960	0.020993166810192
980	0.017379657318063
1000	0.0076251232423832
0.7	14	2.3048306857922
900	0.024422304898499
920	0.015668827124227
940	0.011110660579652
960	0.0082692715229653
980	0.0065665783260466
1000	0.0050732082781488
1	1	0.81062979629783
900	0.064002333071615
920	0.035958844567365
940	0.020987086004162
960	0.020353069077125
980	0.12714122954921
1000	0.011017643816579
1	1.4	4.6021602941392
900	0.064013688393259
920	0.076054261336414
940	0.025781812410208
960	0.021763468844246
980	0.12003078991249
1000	0.011021668514445
1	1.8	4.7905672704851
900	0.06847722581266
920	0.13068043782603
940	0.037164976614149
960	0.028044300130824
980	0.10581952489049
1000	0.011756678758643
1	2.2	5.1450406853151
900	0.089060304613104
920	0.12215744625271
940	0.032020175138396
960	0.016621889830016
980	0.068570142965226
1000	0.011940462119607
1	4	3.8807777779414
900	0.070715527689365
920	0.11166001359395
940	0.033029908129274
960	0.016307812185405
980	0.1604243145933
1000	0.009237372896955
1	6	5.981254673864
