900	0.022383141376693
920	0.016363536393049
940	0.01051132032735
960	0.016777026936476
980	0.020025656701934
1000	0.0075975455627358
0.1	0.18181818181818	1.3871826849521
900	0.029565004640527
920	0.030255344924813
940	0.032108531963859
960	0.022751926189212
980	0.0072282457659811
1000	0.0043490874410632
0.1	0.36363636363636	1.6006761158761
900	0.10980139807236
920	0.031901788264508
940	0.015341844569592
960	0.011763393106159
980	0.0081756113220193
1000	0.0091748527767287
0.1	0.54545454545455	1.4459682648114
900	0.0612593041679
920	0.024523040110402
940	0.016628922013055
960	0.014185705058367
980	0.012825572586444
1000	0.016573637587455
0.1	0.63636363636364	1.5905116768809
900	0.037543998509717
920	0.022098689772996
940	0.10443200662426
960	0.019818259988285
980	0.015627398027349
1000	0.024909840012919
0.1	0.72727272727273	3.2512786356118
900	0.032522186033611
920	0.03671343119235
940	0.12305817532797
960	0.022333655590268
980	0.013588406519575
1000	0.08772189082183
0.1	0.81818181818182	4.8714508085709
900	0.037548387229712
920	0.072822414579403
940	0.061955764407348
960	0.019703379254625
980	0.011427465722199
1000	0.015716735779323
0.1	0.90909090909091	2.6183273430975
900	0.046312786733071
920	0.14984332162485
940	0.039811330371043
960	0.016557461839067
980	0.011259465678866
1000	0.0088990041367479
0.1	1	2.5715077259535
900	0.05654784295492
920	0.18306483323494
940	0.025614269381937
960	0.015523092236601
980	0.026686593431327
1000	0.010408200993887
0.1	1.0909090909091	2.9764510227872
900	0.13724854226884
920	0.029579033068895
940	0.019501035738969
960	0.021299358922391
980	0.10043221671031
1000	0.0087436907348737
0.1	1.2727272727273	4.0804455265691
900	0.020095356909723
920	0.013486287648286
940	0.012178983584828
960	0.016261900169078
980	0.017809235337796
1000	0.0081471983281524
0.4	0.18181818181818	1.3317887780804
900	0.025005243911778
920	0.032101904675203
940	0.030063108769966
960	0.016962238958593
980	0.0064180431372307
1000	0.0038149141873215
0.4	0.36363636363636	1.3958889916419
900	0.053215851231905
920	0.022668017820744
940	0.011829237153888
960	0.0095952770548825
980	0.0081439538226404
1000	0.009291607921207
0.4	0.54545454545455	1.1085300513693
900	0.03104967505097
920	0.018265873338657
940	0.014758862605777
960	0.014513027234878
980	0.01322836355916
1000	0.010988579221563
0.4	0.63636363636364	1.3367920697889
900	0.026276555534581
920	0.021741692192172
940	0.055196713322957
960	0.018453087188822
980	0.012465493054579
1000	0.010635081786841
0.4	0.72727272727273	2.0486535000707
900	0.031131881582257
920	0.030645487581891
940	0.063721661568534
960	0.017188557123817
980	0.0091396410267564
1000	0.42808203427818
0.4	0.81818181818182	10.381027140945
900	0.036560324275462
920	0.037408068926032
940	0.026308784953255
960	0.012511808168518
980	0.008387843408074
1000	0.0058598579058352
0.4	0.90909090909091	1.3873599921892
900	0.03194537502025
920	0.13082847735066
940	0.017911680820315
960	0.012479325918003
980	0.0094987306110775
1000	0.0094037632270887
0.4	1	1.9309902549726
900	0.031227828452459
920	0.061999932270883
940	0.019374644496742
960	0.014621313318144
980	0.014761568071695
1000	0.0087926479164497
0.4	1.0909090909091	1.6845467599988
900	0.19751796706303
920	0.025249062527868
940	0.016082364476287
960	0.0127183208521
980	0.050379209315603
1000	0.0052148727945661
0.4	1.2727272727273	2.6703089559499
900	0.020857794282009
920	0.012838515637068
940	0.012276066813616
960	0.016454535195652
980	0.017380974760006
1000	0.0070534598382467
0.7	0.18181818181818	1.3040207924299
900	0.02346477395845
920	0.032150649685529
940	0.029394766551847
960	0.013306827469527
980	0.0061431999072253
1000	0.0036923187504277
0.7	0.36363636363636	1.2834554359398
900	0.042817010115785
920	0.021253240390772
940	0.012592124568432
960	0.0095299211576724
980	0.0085896047174788
1000	0.0070597980357121
0.7	0.54545454545455	1.0451458875017
900	0.026780538766686
920	0.017521868793533
940	0.014386375568512
960	0.013838664456812
980	0.013383158920195
1000	0.009261850748482
0.7	0.63636363636364	1.2666260162695
900	0.024583117889549
920	0.021472927084575
940	0.027525578576153
960	0.01838986165191
980	0.011715576366085
1000	0.0067969968550231
0.7	0.72727272727273	1.5114659973826
900	0.030815762583291
920	0.029204427061818
940	0.028907576744289
960	0.014174435812874
980	0.0082771999593709
1000	0.12566388953543
0.7	0.81818181818182	3.7607741651641
900	0.03540004270875
920	0.027263092288916
940	0.017933350852299
960	0.011096441895153
980	0.007699299628889
1000	0.0055855549601254
0.7	0.90909090909091	1.1312861225902
900	0.027842415140926
920	0.050042322581267
940	0.015323398610091
960	0.011679991133163
980	0.0093248899177218
1000	0.0070359320536439
0.7	1	1.2946863523413
900	0.024442379382291
920	0.025443014627225
940	0.017590695539277
960	0.014448631041253
980	0.011263907263287
1000	0.0071805091642753
0.7	1.0909090909091	1.2814059695207
900	0.11404522943178
920	0.023868951323886
940	0.015009310780085
960	0.0099274678975553
980	0.013183814733063
1000	0.0045180974779179
0.7	1.2727272727273	1.3901039655232
900	0.020943897010313
920	0.0127277430393
940	0.012246211782848
960	0.016431698925197
980	0.017279591238053
1000	0.0070420291547241
1	0.18181818181818	1.2998307838046
900	0.023286659860879
920	0.03215392478428
940	0.029256238114313
960	0.012799335331749
980	0.0061161169550078
1000	0.0036894334436789
1	0.36363636363636	1.2677671894638
900	0.040956709708055
920	0.021002084240874
940	0.012331406952311
960	0.009265754030046
980	0.0086030841262369
1000	0.0083951211646897
1	0.54545454545455	1.0540833387749
900	0.02631196180402
920	0.017389910100726
940	0.014236773348987
960	0.013838408906266
980	0.013383989940905
1000	0.0089603760432588
1	0.63636363636364	1.2560720022816
900	0.024151683755691
920	0.021423421829249
940	0.020911235984793
960	0.018250828892635
980	0.011571464335111
1000	0.0059129518947825
1	0.72727272727273	1.3816042868872
900	0.030905842700089
920	0.028910441287099
940	0.022347964967793
960	0.01386594601843
980	0.0081298299113555
1000	0.0048301949383408
1	0.81818181818182	1.2599886319294
900	0.035340803307022
920	0.025161919309775
940	0.016557133275352
960	0.010855914476834
980	0.0075967164010643
1000	0.005422361413552
1	0.90909090909091	1.0845911335423
900	0.026999626480517
920	0.019423019413667
940	0.014725405164657
960	0.011534384868138
980	0.0092606677036549
1000	0.0069543986613579
1	1	1.0816548102694
900	0.023071218473409
920	0.019949777908819
940	0.017603318320074
960	0.014359495691188
980	0.010575522803943
1000	0.0066339542258444
1	1.0909090909091	1.2126079488416
900	0.033696701389991
920	0.023537853537621
940	0.014822405276994
960	0.0093990326092567
980	0.0063830587561491
1000	0.0043566233767639
1	1.2727272727273	0.9558090366012
900	0.020965116965096
920	0.01287119528632
940	0.011707463680155
960	0.016297301384132
980	0.017409996663832
1000	0.0070567194156019
1.5	0.18181818181818	1.2926087424563
900	0.023594809759821
920	0.032149458827059
940	0.028593123295912
960	0.013428739006154
980	0.006151069342425
1000	0.0036931619140327
1.5	0.36363636363636	1.2744142969162
900	0.04336442100663
920	0.02132661119704
940	0.01249350049298
960	0.0091707705763026
980	0.0071297246941306
1000	0.0084529532180374
1.5	0.54545454545455	1.0285045371256
900	0.027210951688186
920	0.017560428029823
940	0.014406101975012
960	0.013383190955357
980	0.014273049201505
1000	0.0093482814407072
1.5	0.63636363636364	1.2811685549839
900	0.024524781280107
920	0.021487287808191
940	0.028959792202696
960	0.018394816569234
980	0.011757171624236
1000	0.0070460010382158
1.5	0.72727272727273	1.5399616059231
900	0.030961138931742
920	0.029288064433141
940	0.030803032175163
960	0.014649589868014
980	0.0084205925734577
1000	0.17073779653902
1.5	0.81818181818182	4.6962355597606
900	0.035561965371623
920	0.027858460406539
940	0.018355783575488
960	0.011437998386638
980	0.0077927599087396
1000	0.0056340409602513
1.5	0.90909090909091	1.1537119388235
900	0.028048372015043
920	0.05760276298244
940	0.01549716530452
960	0.011400566441533
980	0.0097310191905323
1000	0.0070592582480991
1.5	1	1.3497698665406
900	0.024834150364316
920	0.027115499855897
940	0.017808323981799
960	0.014288757471244
980	0.011238319256278
1000	0.0068839593573566
1.5	1.0909090909091	1.2862867327789
900	0.1293399331692
920	0.023959832991295
940	0.015080617387261
960	0.0096265585544663
980	0.015287539472956
1000	0.0045647217592741
1.5	1.2727272727273	1.4841040813772
900	0.021005264203433
920	0.013151174628845
940	0.012187994272203
960	0.016328140114522
980	0.017646567251473
1000	0.0072609216231641
2	0.18181818181818	1.3126717519454
900	0.024125344337694
920	0.030330619127832
940	0.030617617501581
960	0.013224110398078
980	0.0062177241756685
1000	0.0036661922407659
2	0.36363636363636	1.2924475486742
900	0.048078227545755
920	0.021728924171265
940	0.012696421675142
960	0.0094506207712717
980	0.0085531864284039
1000	0.0084674010896275
2	0.54545454545455	1.090838014892
900	0.028987255043136
920	0.017893547635997
940	0.014306038736419
960	0.01372474474516
980	0.013374082728691
1000	0.0094008384179323
2	0.63636363636364	1.2742288194515
900	0.025249511705283
920	0.020582236355739
940	0.04333192760828
960	0.018753984616245
980	0.012101984401227
1000	0.0089687051548314
2	0.72727272727273	1.8172541762285
900	0.031030899232536
920	0.029959102106121
940	0.046710575710355
960	0.015011297872753
980	0.008768533535585
1000	0.49542615036514
2	0.81818181818182	11.376750098278
900	0.035767930580002
920	0.032606244923779
940	0.022009639463812
960	0.011762927620326
980	0.0077973896602754
1000	0.010935344821925
2	0.90909090909091	1.3544591133436
900	0.029567171998822
920	0.10355997848129
940	0.016989983071715
960	0.01207975964588
980	0.010067585182484
1000	0.0079864202734294
2	1	1.7125846052258
900	0.028011880016002
920	0.041989441789383
940	0.018463730160741
960	0.014513701159192
980	0.013045797164554
1000	0.0071950550510508
2	1.0909090909091	1.4569035319666
900	0.1884387764359
920	0.025121374225059
940	0.014959992467295
960	0.011347587719946
980	0.032227877445853
1000	0.0054354071612696
2	1.2727272727273	2.1471529168688
900	0.021182481209983
920	0.014100614036068
940	0.01222114100391
960	0.016653381922178
980	0.019110384236785
1000	0.0071956538527256
4	0.18181818181818	1.3624785262745
900	0.025845737516275
920	0.03192440352847
940	0.030862535742754
960	0.018062605630248
