900	0.029774708436742
920	0.012409444925228
940	0.010169637260941
960	0.012017318545578
980	0.015508878831804
1000	0.010283978590449
0.1	0.18181818181818	1.2057578787434
900	0.018676701442736
920	0.016112983685279
940	0.021176572445937
960	0.023636295173987
980	0.011612935367269
1000	0.0045530080604103
0.1	0.36363636363636	1.4396705424419
900	0.029923211586392
920	0.033899337868025
940	0.028644028785019
960	0.033339931091334
980	0.0071384761273708
1000	0.0040556319450502
0.1	0.54545454545455	1.818361200478
900	0.14449204659241
920	0.039332703368647
940	0.022537019875276
960	0.33178817675349
980	0.007048344820527
1000	0.0051379331959218
0.1	0.63636363636364	9.3383118944292
900	0.066199628467845
920	0.035767973545243
940	0.018661762322877
960	0.028571765569887
980	0.0076800660095216
1000	0.0064825306148537
0.1	0.72727272727273	1.7303046777677
900	0.068119328074242
920	0.028074182029247
940	0.017239457143258
960	0.015515261906211
980	0.0090607532478303
1000	0.0085929335644005
0.1	0.81818181818182	1.425222465502
900	0.056878606698899
920	0.023125297722424
940	0.017507911188856
960	0.013595927316594
980	0.011381702808414
1000	0.013889660694797
0.1	0.90909090909091	1.4791789756584
900	0.040681565458974
920	0.020582917415313
940	0.020788445723471
960	0.015016631044478
980	0.014119914160745
1000	0.032036780212263
0.1	1	1.9252418797424
900	0.030562492988735
920	0.020767078741543
940	0.19787262631837
960	0.019368890781671
980	0.015228507454883
1000	0.088439884619317
0.1	1.0909090909091	5.9220454106438
900	0.033160569931389
920	0.05494207680275
940	0.064050468064589
960	0.020621774052914
980	0.012724466561006
1000	0.066663964281453
0.1	1.2727272727273	3.5841790005552
900	0.028307657306164
920	0.016642037010421
940	0.010386528096375
960	0.0072611647282323
980	0.015240471196387
1000	0.0080060042467448
0.4	0.18181818181818	1.0650193868655
900	0.019454644400774
920	0.019487496498519
940	0.024802961013478
960	0.023170985209495
980	0.0089305023803791
1000	0.0036674249012288
0.4	0.36363636363636	1.4254447457775
900	0.69052036596494
920	0.040639297659956
940	0.024124682501143
960	0.18043597561307
980	0.005375533111356
1000	0.0059561582518509
0.4	0.54545454545455	7.356212486615
900	0.093018627863782
920	0.03471987529188
940	0.017893321889588
960	0.017442635746193
980	0.0080407715690648
1000	0.0056569596159362
0.4	0.63636363636364	1.5171471814832
900	0.051132651806359
920	0.025859425784153
940	0.019040358993346
960	0.015177928507217
980	0.010648782704084
1000	0.011867039059802
0.4	0.72727272727273	1.4832586523193
900	0.036420098898264
920	0.021040835761937
940	0.04046463945938
960	0.017638897972757
980	0.012539288550726
1000	0.014272275667497
0.4	0.81818181818182	1.897790647414
900	0.032234747766417
920	0.024049672983343
940	0.18899033114419
960	0.019321301119506
980	0.013926707445999
1000	0.01421411983222
0.4	0.90909090909091	4.3100987533638
900	0.031741800151406
920	0.029093786205537
940	0.26669788645291
960	0.020424307250195
980	0.013301064441406
1000	0.2887722934461
0.4	1	10.991434932992
900	0.032283630168253
920	0.033088446316913
940	0.046992373840726
960	0.016991764377327
980	0.012546408555305
1000	0.036921294006989
0.4	1.0909090909091	2.4957307426592
900	0.036359708693287
920	0.096546802832298
940	0.025413632717544
960	0.014584878748008
980	0.021967723710016
1000	0.015907527060389
0.4	1.2727272727273	2.3318337256513
900	0.027831870067616
920	0.021123584900278
940	0.012818240814011
960	0.012268639160265
980	0.016921034670479
1000	0.008717288026493
0.7	0.18181818181818	1.3067473461263
900	0.01997916045831
920	0.01977773401359
940	0.020771215807288
960	0.026736061338882
980	0.010853862956738
1000	0.0047717525753126
0.7	0.36363636363636	1.5210275220528
900	0.30238477184028
920	0.04383212815846
940	0.023584810011209
960	0.060601679296133
980	0.0064927507230014
1000	0.005326667084069
0.7	0.54545454545455	3.3019542245084
900	0.098042729168911
920	0.034884034849015
940	0.019932498799063
960	0.013789638476485
980	0.0087426109398506
1000	0.0093332628237818
0.7	0.63636363636364	1.5671690968154
900	0.05839364420038
920	0.025496045261987
940	0.023646387186385
960	0.01523244193893
980	0.0097353046761463
1000	0.017179271899695
0.7	0.72727272727273	1.6590682059175
900	0.034963443815746
920	0.022028426916239
940	0.093394971297217
960	0.018368338242322
980	0.014310260421671
1000	0.022223570044801
0.7	0.81818181818182	2.9490559735757
900	0.029749759348954
920	0.029992827716607
940	0.27650013190887
960	0.021248616562622
980	0.015364361008006
1000	0.030410168822393
0.7	0.90909090909091	6.1161199570723
900	0.03287939645433
920	0.043427780561132
940	0.10755997695398
960	0.021837874369207
980	0.011174406781264
1000	0.036468789249309
0.7	1	3.5885398647671
900	0.037956368100138
920	0.058162887562121
940	0.04818778958095
960	0.016746996224768
980	0.012116553238408
1000	0.01768670482095
0.7	1.0909090909091	2.2947878400408
900	0.040817234084649
920	0.15098383867617
940	0.022519852233462
960	0.015527073340764
980	0.042033237377219
1000	0.013466599419403
0.7	1.2727272727273	3.1156220316739
900	0.02754704568581
920	0.036952380659755
940	0.010429463630683
960	0.012538389162727
980	0.017941344456876
1000	0.0096780753176147
1	0.18181818181818	1.4195187574525
900	0.020365709309299
920	0.020753355132069
940	0.027155370184716
960	0.028499991284286
980	0.0105150798691
1000	0.0042411813372417
1	0.36363636363636	1.6524365258823
900	0.20922206870013
920	0.045926066367268
940	0.02349091754315
960	0.051541559501054
980	0.0064812493734774
1000	0.0055707174693505
1	0.54545454545455	2.8148592632529
900	0.098824228587965
920	0.035934326121294
940	0.016711259632703
960	0.012929753313037
980	0.0078860991193349
1000	0.010542464299219
1	0.63636363636364	1.5075782919792
900	0.063387559423015
920	0.024609486447636
940	0.022619019433645
960	0.014919161009437
980	0.011270881346651
1000	0.020734888352606
1	0.72727272727273	1.7530902934609
900	0.0352346864091
