900	0.036108186448552
920	0.017278004423162
940	0.0099080642030656
960	0.012697069392341
980	0.013675021353403
1000	0.011265165833186
0.1	0.18181818181818	1.242403897378
900	0.021737474766487
920	0.020819433966381
940	0.016011995306322
960	0.021244501109143
980	0.015981311559703
1000	0.0062807940781689
0.1	0.36363636363636	1.4819696932977
900	0.030205655419533
920	0.024968757994395
940	0.027709472659556
960	0.022836314577174
980	0.0095951537047375
1000	0.0046848803389521
0.1	0.54545454545455	1.567115317732
900	0.052723136418165
920	0.030407711049234
940	0.030618375552277
960	0.054403944718607
980	0.0083475170017957
1000	0.0047945535639553
0.1	0.63636363636364	2.4503037834881
900	0.18020917411508
920	0.034167464344323
940	0.028123593407517
960	0.60814951960999
980	0.0077490081379699
1000	0.0052390153754938
0.1	0.72727272727273	16.200216287779
900	0.12406607869344
920	0.037775940417442
940	0.023095048945604
960	0.10917460024889
980	0.0075377834604354
1000	0.0058859516068719
0.1	0.81818181818182	3.9219475290026
900	0.066897226435439
920	0.033228960840271
940	0.020125100434248
960	0.046614860338863
980	0.0077445977546041
1000	0.0066847182819968
0.1	0.90909090909091	2.1809139649542
900	0.070139523522681
920	0.026348937268953
940	0.019830242655063
960	0.026449724380964
980	0.0086291721590952
1000	0.0084721182478965
0.1	1	1.7123246755283
900	0.057528113798982
920	0.021972736936846
940	0.021495411409218
960	0.018598348891336
980	0.01068396347662
1000	0.01773495106701
0.1	1.0909090909091	1.7160208806179
900	0.036716677400719
920	0.019018129917533
940	0.031724072992264
960	0.018351818262477
980	0.016775370112206
1000	0.079410043277709
0.1	1.2727272727273	3.1561758119608
900	0.033780218529148
920	0.017799063681911
940	0.010176517442413
960	0.011095093692884
980	0.013624368210477
1000	0.0059496547165775
0.4	0.18181818181818	1.097931958979
900	0.022232045426989
920	0.020254572505365
940	0.020296414251846
960	0.030774772818491
980	0.016890120850784
1000	0.0088978235146258
0.4	0.36363636363636	1.8515794248284
900	0.39096127370411
920	0.033957372610312
940	0.035308545276282
960	0.065568286652731
980	0.0084433299933319
1000	0.0053161330003342
0.4	0.54545454545455	3.8618408916713
900	0.19416597557812
920	0.043399013761371
940	0.030775013712819
960	0.035520732163594
980	0.0079141967814835
1000	0.0072609309919844
0.4	0.63636363636364	2.5488047549894
900	0.1067603648796
920	0.043945985932527
940	0.026488164184362
960	0.021490430073913
980	0.0081706888395667
1000	0.013764194119878
0.4	0.72727272727273	2.0136875534712
900	0.077285166478144
920	0.036152305006966
940	0.043165423828109
960	0.01997988413416
980	0.010177368412931
1000	0.022963989302566
0.4	0.81818181818182	2.3307218747037
900	0.054060003670021
920	0.030839978119202
940	0.12479924771676
960	0.020856041990169
980	0.012185683917335
1000	0.037647906612471
0.4	0.90909090909091	3.8685386119902
900	0.042273986976745
920	0.03397795480939
940	0.22618358905392
960	0.020511567512554
980	0.013413250183354
1000	0.08839059858491
0.4	1	6.4680326633815
900	0.037671982374003
920	0.039726664292095
940	0.19286377981584
960	0.020715419289667
980	0.015151690319877
1000	0.049695274392231
0.4	1.0909090909091	5.2513253238721
900	0.035170689851781
920	0.047814844841228
940	0.071534972920958
960	0.021709439640856
980	0.024267479502578
1000	0.02632508028675
0.4	1.2727272727273	3.1776909392011
900	0.032895685227631
920	0.023135896149708
940	0.00045561685082185
960	0.01150525736031
980	0.021807930488777
1000	0.0091312331915788
0.7	0.18181818181818	1.2512584800589
900	0.022718951340608
920	0.020215484960602
940	0.023999906853314
960	0.039047610349712
980	0.016757744788737
1000	0.0034455792045865
0.7	0.36363636363636	2.0000061234814
900	0.29895218868966
920	0.039182961026424
940	0.038281854867004
960	0.11073036869364
980	0.0082427969078877
1000	0.0057193746554577
0.7	0.54545454545455	4.7551273572514
900	0.10593742248052
920	0.048107376335879
940	0.029573669644466
960	0.022293184468448
980	0.0073952652900821
1000	0.010131513839099
0.7	0.63636363636364	2.0145857929943
900	0.083034973018714
920	0.046769513388373
940	0.027686028075516
960	0.018129107089697
980	0.010030945757441
1000	0.0203703301752
0.7	0.72727272727273	2.0730702150044
900	0.074545787652632
920	0.035456255172132
940	0.093864123343668
960	0.018594597783157
980	0.014105107423057
1000	0.044139400769022
0.7	0.81818181818182	3.5955215053927
900	0.052362956672532
920	0.034125146836007
940	0.22849889365994
960	0.01920129841986
980	0.014847233941196
1000	0.082714584470516
0.7	0.90909090909091	6.427841355329
900	0.040583853515814
920	0.046564581275114
940	0.11846851671919
960	0.020052860315311
980	0.016175613827749
1000	0.11979702446446
0.7	1	5.5284202707221
900	0.040291141361444
920	0.06894501385824
940	0.073985473170852
960	0.021428919400634
980	0.017250949605879
1000	0.020394837201642
0.7	1.0909090909091	3.0688303734952
900	0.046433796000395
920	0.12210495152904
940	0.041623519194932
960	0.023399379695367
980	0.046746550845623
1000	0.014618270315679
0.7	1.2727272727273	3.5788069887742
900	0.03229808107674
920	0.03071834854976
940	0.0091342031820441
960	0.011913184198014
980	0.019662723786256
1000	0.011010072820213
1	0.18181818181818	1.4278086820951
900	0.023086574712632
920	0.020906664608827
940	0.023006107626325
960	0.042676290300286
980	0.018194428162683
1000	0.0054410359543305
1	0.36363636363636	2.1524669271182
900	0.19667142389547
920	0.041406620977948
940	0.039769347375201
960	0.12044893334885
980	0.0081274908294565
1000	0.0060100918631866
1	0.54545454545455	4.7180100240444
900	0.086871774292645
920	0.051685320312149
940	0.031082376022291
960	0.019568058386726
980	0.0080662159428508
1000	0.011569643647834
1	0.63636363636364	1.9818642211363
900	0.076597761772315
920	0.047585553526397
940	0.030285114078173
960	0.016747887423453
980	0.0098453769820785
1000	0.027351025075825
1	0.72727272727273	2.1992329173957
900	0.073370398739047
920	0.035569098340505
940	0.16318414630595
960	0.017677256535344
980	0.012609621370257
1000	0.0580780694365
1	0.81818181818182	4.897177604346
900	0.050764057520709
