900	0.052671497776144
920	0.023352446280492
940	0.010421111010389
960	0.0071070564580458
980	0.017222864213804
1000	0.011623629300142
0.1	0.18181818181818	1.2991931538997
900	0.043057730750614
920	0.083401805852425
940	0.012915994691071
960	0.015814059169307
980	0.02276187963933
1000	0.012027327941194
0.1	0.36363636363636	2.0453322881243
900	0.037809471165918
920	0.04243635206116
940	0.015414484208221
960	0.030987428618082
980	0.021056271374343
1000	0.01046745467695
0.1	0.54545454545455	2.1022872560178
900	0.039429943818443
920	0.03942510593465
940	0.016385214142151
960	0.035672686514272
980	0.019583859643416
1000	0.0083362705742173
0.1	0.63636363636364	2.138163707856
900	0.043865862504768
920	0.035789672963035
940	0.017627872894136
960	0.04306008502018
980	0.017989470891353
1000	0.0082106748328182
0.1	0.72727272727273	2.2848218637229
900	0.053522345791755
920	0.034632719232614
940	0.019205716116505
960	0.049154950371439
980	0.016570851189055
1000	0.008025938082723
0.1	0.81818181818182	2.4403549971563
900	0.076616446026468
920	0.033971455863824
940	0.020871848837522
960	0.061905716103233
980	0.015383607288095
1000	0.007650933301241
0.1	0.90909090909091	2.8042616874302
900	0.13471591445091
920	0.030455804626981
940	0.022646074619636
960	0.11954178182797
980	0.014244841898534
1000	0.0079222453308838
0.1	1	4.3573065520836
900	0.29921072518676
920	0.027927727777078
940	0.025206371064162
960	0.27653101168155
980	0.013259837171178
1000	0.0077861782434103
0.1	1.0909090909091	8.6506114731636
900	0.11911369512714
920	0.027126640802232
940	0.03654953224751
960	0.12386348528992
980	0.011987032236945
1000	0.0080547344897111
0.1	1.2727272727273	4.5581487514728
900	0.049692607085663
920	0.027006206639877
940	0.010655625032887
960	0.0087652191400135
980	0.019885930727998
1000	0.019626160904394
0.4	0.18181818181818	1.5807626605358
900	0.040236263611314
920	0.026558515351427
940	0.016745722102826
960	0.047733044696465
980	0.02779740600653
1000	0.025963471060039
0.4	0.36363636363636	2.906830522798
900	0.28600485487655
920	0.029606220247777
940	0.027914857181686
960	0.15779307392289
980	0.022350862911731
1000	0.018536667988474
0.4	0.54545454545455	6.2307168934382
900	0.2139465101875
920	0.030880227537089
940	0.033074281899291
960	0.14880385902852
980	0.018340161964149
1000	0.01217057106665
0.4	0.63636363636364	5.6578380346931
900	0.13457697868466
920	0.031823605518373
940	0.037844800300702
960	0.051805679374853
980	0.014628577898837
1000	0.017155811699531
0.4	0.72727272727273	3.1590332118268
900	0.10740859599319
920	0.043868621757201
940	0.043641557271349
960	0.034967621832542
980	0.014340727670504
1000	0.026717048628079
0.4	0.81818181818182	3.018252436724
900	0.095223456178387
920	0.019728248754237
940	0.056535677098078
960	0.032962898026722
980	0.014063641403252
1000	0.047953867113825
0.4	0.90909090909091	3.3941802804759
900	0.086280143737586
920	0.034881148252295
940	0.094120105425958
960	0.030778861518092
980	0.014339416520811
1000	0.11246765804448
0.4	1	5.2806675823405
900	0.074120725591767
920	0.035607372850238
940	0.14283521152921
960	0.029497857177251
980	0.013861683831099
1000	0.17307307598914
0.4	1.0909090909091	7.1666103428125
900	0.041420372650571
920	0.043655796275695
940	0.10969384705579
960	0.025577946852094
980	0.01176422337704
1000	0.025949981187834
0.4	1.2727272727273	3.5468968888482
900	0.0470818060899
920	0.031304945698865
Abnormal absorption!!!	940
940	-0.00093286561640882
960	0.011203451729454
980	0.0163359594324
1000	0.007919860635306
0.7	0.18181818181818	1.158301737945
900	0.037822843036505
920	0.023273898521274
940	0.020438823465704
960	0.062220717501321
980	0.028327888312871
1000	0.0085788750496067
0.7	0.36363636363636	2.9566647152373
900	0.22866691922397
920	0.029771905886386
940	0.036314031087058
960	0.12601526683266
980	0.021780116771847
1000	0.0091481990793156
0.7	0.54545454545455	5.2212019864508
900	0.10251294933886
920	0.033137461346485
940	0.049347378304116
960	0.085716723368946
980	0.0096578325680541
1000	0.01043977577887
0.7	0.63636363636364	3.8142646036284
900	0.07417051860726
920	0.033167761040696
940	0.043982307277548
960	0.034972869950762
980	0.012450432136196
1000	0.023964245441507
0.7	0.72727272727273	2.7532907227906
900	0.062750210437839
920	0.034862652142191
940	0.073090896524151
960	0.029713057612134
980	0.012138889468315
1000	0.048851258201951
0.7	0.81818181818182	3.542685134913
900	0.054579585616013
920	0.038245834582801
940	0.14057114056305
960	0.027272997695435
980	0.01430625678015
1000	0.11233836210541
0.7	0.90909090909091	5.8465207191353
900	0.055570527901574
920	0.039509958373053
940	0.074102418021237
960	0.026275590407661
980	0.013492150885842
1000	0.11965818953477
0.7	1	4.9141242749147
900	0.053762262263571
920	0.047068375456804
940	0.059203274426737
960	0.025386314869661
980	0.014099830084403
1000	0.02516914039968
0.7	1.0909090909091	2.8510511995188
900	0.046516959278422
920	0.11358815742149
940	0.046952863012782
960	0.018929913760055
980	0.018649150882394
1000	0.0091904509957978
0.7	1.2727272727273	2.6997083732749
900	0.04465051400165
920	0.033880324293614
940	0.0098005223979384
960	0.011876534026933
980	0.024754181687278
1000	0.013244611143696
1	0.18181818181818	1.6650114059971
900	0.035745379962539
920	0.023977308959348
940	0.021591595961097
960	0.070100048071816
980	0.032731989841223
1000	0.010603714237614
1	0.36363636363636	3.3120214383482
900	0.1582108745212
920	0.031220686829235
940	0.042775328711988
960	0.11096420579825
980	0.019492014301842
1000	0.008924803730183
1	0.54545454545455	4.69206265955
900	0.080752107225947
920	0.034511907939918
940	0.052808303595433
960	0.066536789861739
980	0.013971251860987
1000	0.015154119270208
1	0.63636363636364	3.546944978899
900	0.062841780387112
920	0.037097451853794
940	0.061395762141157
