900	0.055780076445389
920	0.02006626330191
940	0.010707358310794
960	0.0096661602817132
980	0.019229935474072
1000	0.012218389234479
0.1	0.18181818181818	1.4154675418833
900	0.050995956032122
920	0.12077098775698
940	0.012992640668722
960	0.016468874941364
980	0.022688102958563
1000	0.014225167926552
0.1	0.36363636363636	2.3653605821084
900	0.044479558145267
920	0.049823518624962
940	0.014935688600325
960	0.030230274531057
980	0.020435714506128
1000	0.013011546086741
0.1	0.54545454545455	2.1786229967479
900	0.043684958488764
920	0.045484014058477
940	0.015563279263913
960	0.036682758026078
980	0.019776360386638
1000	0.01096670586599
0.1	0.63636363636364	2.2577940471563
900	0.045453410481991
920	0.041967164458541
940	0.016260070111068
960	0.043123979692961
980	0.019630810092851
1000	0.010016370481168
0.1	0.72727272727273	2.3851200480394
900	0.051483431434049
920	0.045708369575907
940	0.016978911498882
960	0.050910556007614
980	0.019601805515625
1000	0.010158759432847
0.1	0.81818181818182	2.6288350727833
900	0.067992937108072
920	0.034953191247747
940	0.017543295556883
960	0.057176414528688
980	0.019324072161698
1000	0.0096961666898273
0.1	0.90909090909091	2.7552782508855
900	0.10875513490929
920	0.034289824488052
940	0.017968204440791
960	0.067410239652387
980	0.018558423884667
1000	0.009270955680218
0.1	1	3.1022303235504
900	0.21545168322945
920	0.028326383971467
940	0.018460508732133
960	0.10266728470594
980	0.017624408873565
1000	0.0087551468422593
0.1	1.0909090909091	4.2167162690535
900	0.17774315983897
920	0.018311484183214
940	0.020984953716374
960	0.087087941154982
980	0.016571644719502
1000	0.0087728704729615
0.1	1.2727272727273	3.6754946132123
900	0.053508731138341
920	0.029480667845937
940	0.010901611529173
960	0.010272294505395
980	0.0052867878534557
1000	0.01356959283058
0.4	0.18181818181818	1.1683499678553
900	0.04793665238791
920	0.028327149343044
940	0.016657632720128
960	0.046063027489063
980	0.014968049811703
1000	0.013884365300207
0.4	0.36363636363636	2.3446008365764
900	0.27463491445699
920	0.030144918993439
940	0.02657837057772
960	0.17976812539173
980	0.020583163256216
1000	0.01008933596764
0.4	0.54545454545455	6.4990918699169
900	0.21102284850503
920	0.0311299839713
940	0.03116503803893
960	0.14934903236254
980	0.021091281043592
1000	0.0077131980227807
0.4	0.63636363636364	5.6136427162119
900	0.13749941465151
920	0.031763756188899
940	0.035936488802969
960	0.06304775407356
980	0.01046771069396
1000	0.017250880650781
0.4	0.72727272727273	3.308419884883
900	0.11176472484499
920	0.03237607913904
940	0.043044780272193
960	0.029001990499888
980	0.015354926356998
1000	0.020177788319579
0.4	0.81818181818182	2.7010373939049
900	0.10038308948445
920	0.033187034367833
940	0.057783623587178
960	0.029168577678778
980	0.017175475795254
1000	0.042000132596201
0.4	0.90909090909091	3.3825906850078
900	0.0919288320495
920	0.04391597160416
940	0.084780778375642
960	0.031951217940465
980	0.016577382014601
1000	0.11773227987061
0.4	1	5.3961264230068
900	0.079231997096767
920	0.033461889769527
940	0.11860223262617
960	0.030966084956913
980	0.016267790920613
1000	0.16769860853416
0.4	1.0909090909091	6.7768951140278
900	0.038736909638908
920	0.02933581964369
940	0.098274030538609
960	0.034677146236491
980	0.015276743041205
1000	0.035598198641601
0.4	1.2727272727273	3.7655609507416
900	0.050436355266561
920	0.036721881891709
940	0.0070531937123713
960	0.011259773562917
980	0.022166029964195
1000	0.012495408854954
0.7	0.18181818181818	1.5639726459943
900	0.04362001479912
920	0.021668073732101
940	0.019989534628625
960	0.065822314325387
980	0.022562238497251
1000	0.011011992160228
0.7	0.36363636363636	2.9498082283354
900	0.21825168608905
920	0.029974417131271
940	0.034758879071351
960	0.13650660293218
980	0.023426572731391
1000	0.01034388793121
0.7	0.54545454545455	5.4840560218389
900	0.10433611318928
920	0.031984588137518
940	0.0466063963172
960	0.086102466138811
980	0.012706805449603
1000	0.015586905938094
0.7	0.63636363636364	3.955684058023
900	0.077001545254518
920	0.032301698086903
940	0.047365954709431
960	0.038203676072621
980	0.012873095491877
1000	0.02617890438262
0.7	0.72727272727273	2.941798189115
900	0.06495323919002
920	0.032458493817769
940	0.10333907723469
960	0.03198358191838
980	0.014798833339753
1000	0.05143032184219
0.7	0.81818181818182	4.1805848070704
900	0.058979508288637
920	0.039311198778496
940	0.12667362710621
960	0.03163211449111
980	0.014483689797704
1000	0.1086558241522
0.7	0.90909090909091	5.6855302253288
900	0.056792347502447
920	0.037887652879187
940	0.054337677039119
960	0.053407948230123
980	0.016141839231208
1000	0.10880544967976
0.7	1	5.1040999009191
900	0.05291936169785
920	0.041517399846582
940	0.047332594019976
960	0.020049226087358
980	0.015164166679742
1000	0.02329073964129
0.7	1.0909090909091	2.4870718775967
900	0.040746981514498
920	0.053339756665363
940	0.041327263837609
960	0.02084467714795
980	0.017122716704238
1000	0.0080222887071836
0.7	1.2727272727273	2.1968511133342
900	0.047318334501199
920	0.035058515619052
940	0.010692490775394
960	0.011978839335253
980	0.025590569561567
1000	0.013562244464527
1	0.18181818181818	1.7240383897254
900	0.039830126835778
920	0.024773041552265
940	0.020641135253302
960	0.074168828611559
980	0.03224266627782
1000	0.011805809384061
1	0.36363636363636	3.4245930056095
900	0.15380445920628
920	0.031449504952119
940	0.042378758554149
960	0.11573333483215
980	0.021396090142821
1000	0.0097426773692947
1	0.54545454545455	4.8522458728523
900	0.082960869276787
920	0.034309267991463
940	0.049448596412681
960	0.068670138971179
980	0.015704583040012
1000	0.016126943351526
1	0.63636363636364	3.6132075780829
900	0.065402364618494
920	0.036233765907195
940	0.060860765739729
960	0.031284541111634
980	0.014688415145655
