900	0.020943897010313
920	0.0127277430393
940	0.012246211782848
960	0.016431698925197
980	0.017279591238053
1000	0.0070420291547241
1	0.18181818181818	1.2998307838046
900	0.023286659860879
920	0.03215392478428
940	0.029256238114313
960	0.012799335331749
980	0.0061161169550078
1000	0.0036894334436789
1	0.36363636363636	1.2677671894638
900	0.040956709708055
920	0.021002084240874
940	0.012331406952311
960	0.009265754030046
980	0.0086030841262369
1000	0.0083951211646897
1	0.54545454545455	1.0540833387749
900	0.02631196180402
920	0.017389910100726
940	0.014236773348987
960	0.013838408906266
980	0.013383989940905
1000	0.0089603760432588
1	0.63636363636364	1.2560720022816
900	0.024151683755691
920	0.021423421829249
940	0.020911235984793
960	0.018250828892635
980	0.011571464335111
1000	0.0059129518947825
1	0.72727272727273	1.3816042868872
900	0.030905842700089
920	0.028910441287099
940	0.022347964967793
960	0.01386594601843
980	0.0081298299113555
1000	0.0048301949383408
1	0.81818181818182	1.2599886319294
900	0.035340803307022
920	0.025161919309775
940	0.016557133275352
960	0.010855914476834
980	0.0075967164010643
1000	0.005422361413552
1	0.90909090909091	1.0845911335423
900	0.026999626480517
920	0.019423019413667
940	0.014725405164657
960	0.011534384868138
980	0.0092606677036549
1000	0.0069543986613579
1	1	1.0816548102694
900	0.023071218473409
920	0.019949777908819
940	0.017603318320074
960	0.014359495691188
980	0.010575522803943
1000	0.0066339542258444
1	1.0909090909091	1.2126079488416
900	0.033696701389991
920	0.023537853537621
940	0.014822405276994
960	0.0093990326092567
980	0.0063830587561491
1000	0.0043566233767639
1	1.2727272727273	0.9558090366012
900	0.026384088261919
920	0.03379048415606
940	0.010315929055293
960	0.012839880268401
980	0.017697775301146
1000	0.0092957995150875
1.4	0.18181818181818	1.387840317226
900	0.019902332711276
920	0.021164573565671
940	0.028122098344625
960	0.025086112850045
980	0.0092880877830138
1000	0.0040306824540981
1.4	0.36363636363636	1.5518573356138
900	0.18629596674433
920	0.042892078064891
940	0.020202245527825
960	0.022098472744332
980	0.0063362077682363
1000	0.0055803435556221
1.4	0.54545454545455	1.9590315338742
900	0.085974327780051
920	0.029598162892487
940	0.0155475843228
960	0.011897383305095
980	0.0081406605192162
1000	0.010338299959155
1.4	0.63636363636364	1.387154536899
900	0.046688160549979
920	0.021348159815032
940	0.021549092905904
960	0.014663843644034
980	0.012061544582877
1000	0.017900341881624
1.4	0.72727272727273	1.6219969459754
900	0.029415796436055
920	0.022054421171853
940	0.15620381849192
960	0.019452014749431
980	0.015666194370823
1000	0.020917040189494
1.4	0.81818181818182	3.9524162984897
900	0.028346837237779
920	0.032692600824606
940	0.17346703595565
960	0.023026416221707
980	0.014095487439064
1000	0.045817454012343
1.4	0.90909090909091	4.8268468065474
900	0.034975042739571
920	0.053049577455868
940	0.073366248556681
960	0.019759569905209
980	0.010720853541251
1000	0.016573127514953
1.4	1	2.6649481911871
900	0.043053440016959
920	0.070831058412653
940	0.033737661369587
960	0.014613177497126
980	0.011317024852918
1000	0.012730712907591
1.4	1.0909090909091	1.9947262977138
900	0.037493225199947
920	0.041564119358379
940	0.018515129812099
960	0.016036108156777
980	0.065669645771721
1000	0.012266154827819
1.4	1.2727272727273	2.9203297966695
900	0.030593760437504
920	0.031635435031569
940	0.011038270820454
960	0.012057698293338
980	0.018949757318471
1000	0.010570521990985
1.8	0.18181818181818	1.4355342326703
900	0.021993131915174
920	0.020658371038966
940	0.02451664364741
960	0.03769551295558
980	0.014969744744891
1000	0.0049491292686217
1.8	0.36363636363636	1.9615656140727
900	0.20610042541353
920	0.044648372285963
940	0.034136911099885
960	0.14218442306185
980	0.007341049195676
1000	0.005791009459797
1.8	0.54545454545455	5.1804567858166
900	0.09305380616766
920	0.050590600031279
940	0.024701430282629
960	0.016457733622573
980	0.0078310651051424
1000	0.01117850708201
1.8	0.63636363636364	1.804905415438
900	0.084244412344475
920	0.038788412229311
940	0.026746448352514
960	0.01599632684765
980	0.010080657465321
1000	0.0257191900442
1.8	0.72727272727273	2.0666162117694
900	0.063777717321744
920	0.029488054291035
940	0.16038502623575
960	0.017657943610861
980	0.013469088474086
1000	0.049523031701291
1.8	0.81818181818182	4.637223252868
900	0.039430375535776
920	0.036234913832604
940	0.1552273652203
960	0.019729574353242
980	0.016891982893919
1000	0.084403222330139
1.8	0.90909090909091	5.3477859597894
900	0.036470649557327
920	0.062487371053997
940	0.076205923124956
960	0.022155992263525
980	0.018101850459416
1000	0.044356628608868
1.8	1	3.5625973617389
900	0.042315114104448
920	0.10426221409359
940	0.054609768657209
960	0.023838109098429
980	0.016816158136866
1000	0.015549835647527
1.8	1.0909090909091	2.9467884064286
900	0.059386249681393
920	0.15860709319436
940	0.031622709605571
960	0.01978671598373
980	0.074535201373381
1000	0.012419215907702
1.8	1.2727272727273	4.2485118656636
900	0.033782775118829
920	0.03055598097348
940	0.01049504245654
960	0.01183301601846
980	0.020321762765923
1000	0.011362106607918
2.2	0.18181818181818	1.4739659436162
900	0.02414086293929
920	0.021199172128676
940	0.022748064098508
960	0.046803659212095
980	0.021247884648974
1000	0.0059241469988672
2.2	0.36363636363636	2.3381710835182
900	0.18915534752424
920	0.03871362665912
940	0.043432248712778
960	0.10943558039843
980	0.0090083020084416
1000	0.0062425419883813
2.2	0.54545454545455	4.4956688076493
900	0.083165495325722
920	0.049244313492284
940	0.036880679838927
960	0.023583458531135
980	0.0083966166600362
1000	0.011926562874173
2.2	0.63636363636364	2.1583405613952
900	0.070185047232568
920	0.051861105351796
940	0.033939315510797
960	0.017518685857114
980	0.009817639227936
1000	0.028377978261478
2.2	0.72727272727273	2.3023818191455
900	0.070951453112024
920	0.041992618760851
940	0.16521408008101
960	0.017969551787033
980	0.012139663697231
1000	0.063279899979787
2.2	0.81818181818182	5.0605745237967
900	0.061501683020061
920	0.042189391987063
940	0.14858370915202
960	0.018467106082954
980	0.014703159441884
1000	0.11749549021472
2.2	0.90909090909091	5.9172988909164
900	0.046763552330653
920	0.065831583985699
940	0.076386521901504
960	0.019078799251409
980	0.016928647299629
1000	0.074749352168042
2.2	1	4.1146700909332
900	0.046236555079356
920	0.10675817758724
940	0.052681471919639
960	0.020150995777873
980	0.018262321940155
1000	0.016931462428801
2.2	1.0909090909091	2.9182066442088
900	0.060028467465926
920	0.15014708984992
940	0.03808327351837
960	0.025439898581484
980	0.077876434011381
1000	0.013938817554138
2.2	1.2727272727273	4.5473387798146
900	0.041323452154609
920	0.032542059839084
