900	0.021005264204231
920	0.01315410606071
940	0.01285786488001
960	0.016510321669923
980	0.018426295019694
1000	0.0070839223896091
1	0.18181818181818	1.3433722492023
900	0.024125344340025
920	0.032132395742365
940	0.028781752814661
960	0.014548116381677
980	0.0072670577771764
1000	0.0037004273340553
1	0.36363636363636	1.3336404363462
900	0.049480693132583
920	0.021952783023707
940	0.01267327413734
960	0.0094506207652558
980	0.0085531864350888
1000	0.0083165454746409
1	0.54545454545455	1.0932005703889
900	0.027900105265246
920	0.017889684593098
940	0.014567600584393
960	0.014386029173591
980	0.01334852126587
1000	0.010054835803733
1	0.63636363636364	1.3032501355831
900	0.025249511724305
920	0.021607888096367
940	0.042132267237078
960	0.0187381712388
980	0.010967087373152
1000	0.0090112948451684
1	0.72727272727273	1.7773605018185
900	0.031393907762546
920	0.030207139889026
940	0.046826845074066
960	0.015011297848143
980	0.0086834490336269
1000	0.4940745906907
1	0.81818181818182	11.352479695202
900	0.035306884085382
920	0.032664458788606
940	0.022218008584354
960	0.011762927579615
980	0.007981788487466
1000	0.0041472245784723
1	0.90909090909091	1.2272575256068
900	0.029718181115567
920	0.1036641623629
940	0.017017956519099
960	0.012079759618061
980	0.0094970794451262
1000	0.0038966783294104
1	1	1.6193322751147
900	0.027617654692797
920	0.042471831118711
940	0.018386920714872
960	0.014513701149555
980	0.013045797197036
1000	0.0073279307407617
1	1.0909090909091	1.4601782891268
900	0.18843079570167
920	0.024639518995162
940	0.015639085107377
960	0.011749112444538
980	0.032189360521075
1000	0.0049504639942726
1	1.2727272727273	2.1539134918839
900	0.0396857000325
920	0.018867704933879
940	0.010016818220673
960	0.012422419544619
980	0.016661829834358
1000	0.0094128738034815
1.4	0.18181818181818	1.2956832864933
Abnormal absorption!!!	900
900	-0.0088640057471112
920	0.020239969673498
940	0.02798444783321
960	0.022804028514931
980	0.0091616745595339
1000	0.0040766675719714
1.4	0.36363636363636	1.398618362313
900	0.34046863090355
920	0.040634420655575
940	0.016706818871481
960	0.031883330873036
980	0.0063613635365084
1000	0.0049881120196879
1.4	0.54545454545455	2.5860145322472
900	0.069230090419642
920	0.029449219241752
940	0.016037366997207
960	0.013377016512403
980	0.0079461197369696
1000	0.0082241363241027
1.4	0.63636363636364	1.3319894027133
900	0.01891294203497
920	0.022121347489165
940	0.019715121830822
960	0.014688781683896
980	0.010888472553819
1000	0.01236008707422
1.4	0.72727272727273	1.3755658101052
900	0.025845224016844
920	0.021558599284827
940	0.053614059663192
960	0.017804356542882
980	0.013838974753131
1000	0.012675643286442
1.4	0.81818181818182	2.0798395718194
900	0.026643606471349
920	0.025989187298313
940	0.41640842921537
960	0.019952854983951
980	0.01325700163586
1000	0.014801345892188
1.4	0.90909090909091	7.8866784385562
900	0.016532424598633
920	0.032591346448107
940	0.089668280909918
960	0.018012483909223
980	0.011013359114354
1000	0.063383437895587
1.4	1	3.6237305688517
900	0.03487244129377
920	0.035755952802777
940	0.02206147804371
960	0.014941028285723
980	0.011046219979075
1000	0.020524828069869
1.4	1.0909090909091	1.7188430450661
900	0.036020537635044
920	0.272290325958
940	0.022401067041584
960	0.014761928949722
980	0.025797937939388
1000	0.01270536681372
1.4	1.2727272727273	3.4346673891984
