900	0.020965116965096
920	0.01287119528632
940	0.011707463680155
960	0.016297301384132
980	0.017409996663832
1000	0.0070567194156019
1	0.18181818181818	1.2926087424563
900	0.023594809759821
920	0.032149458827059
940	0.028593123295912
960	0.013428739006154
980	0.006151069342425
1000	0.0036931619140327
1	0.36363636363636	1.2744142969162
900	0.04336442100663
920	0.02132661119704
940	0.01249350049298
960	0.0091707705763026
980	0.0071297246941306
1000	0.0084529532180374
1	0.54545454545455	1.0285045371256
900	0.027210951688186
920	0.017560428029823
940	0.014406101975012
960	0.013383190955357
980	0.014273049201505
1000	0.0093482814407072
1	0.63636363636364	1.2811685549839
900	0.024524781280107
920	0.021487287808191
940	0.028959792202696
960	0.018394816569234
980	0.011757171624236
1000	0.0070460010382158
1	0.72727272727273	1.5399616059231
900	0.030961138931742
920	0.029288064433141
940	0.030803032175163
960	0.014649589868014
980	0.0084205925734577
1000	0.17073779653902
1	0.81818181818182	4.6962355597606
900	0.035561965371623
920	0.027858460406539
940	0.018355783575488
960	0.011437998386638
980	0.0077927599087396
1000	0.0056340409602513
1	0.90909090909091	1.1537119388235
900	0.028048372015043
920	0.05760276298244
940	0.01549716530452
960	0.011400566441533
980	0.0097310191905323
1000	0.0070592582480991
1	1	1.3497698665406
900	0.024834150364316
920	0.027115499855897
940	0.017808323981799
960	0.014288757471244
980	0.011238319256278
1000	0.0068839593573566
1	1.0909090909091	1.2862867327789
900	0.1293399331692
920	0.023959832991295
940	0.015080617387261
960	0.0096265585544663
980	0.015287539472956
1000	0.0045647217592741
1	1.2727272727273	1.4841040813772
900	0.027177860961674
920	0.048418188651585
940	0.014132126197195
960	0.013283142615318
980	0.016053182351467
1000	0.0092503338858025
1.4	0.18181818181818	1.512239827078
900	0.018785240221628
920	0.021662279620823
940	0.029555330850704
960	0.026845953910092
980	0.0087281213190309
1000	0.0040196306547911
1.4	0.36363636363636	1.602593304631
900	0.15715456244825
920	0.044864713150058
940	0.020245531880751
960	0.02438235593575
980	0.0061227472106854
1000	0.0058356278720991
1.4	0.54545454545455	1.9382021543173
900	0.092837613337058
920	0.030412122942292
940	0.015090865893772
960	0.01161171216849
980	0.0078145182798889
1000	0.011710296385932
1.4	0.63636363636364	1.4182324698619
900	0.051262892285858
920	0.021428984037564
940	0.023227305966849
960	0.014746997100387
980	0.012534212244157
1000	0.021601325457512
1.4	0.72727272727273	1.749566164936
900	0.029917750819788
920	0.022702638887369
940	0.24334221202484
960	0.020039956791685
980	0.016558743554601
1000	0.0267137837729
1.4	0.81818181818182	5.477020844553
900	0.028526152076022
920	0.037832421682394
940	0.11657561399034
960	0.024403551472237
980	0.014858827346925
1000	0.079786647397657
1.4	0.90909090909091	4.6893199397137
900	0.037253666831301
920	0.070142745332364
940	0.067517949756332
960	0.021002058025614
980	0.011067841009567
1000	0.012523749810918
1.4	1	2.6472366967699
900	0.049007226854588
920	0.099514701377503
940	0.036850214489297
960	0.014946145771308
980	0.011824182391354
1000	0.011118923844211
1.4	1.0909090909091	2.2326055156872
900	0.042092736578947
920	0.032004932636248
940	0.018388066482328
960	0.017310390740636
980	0.1018550292584
1000	0.012049537996316
1.4	1.2727272727273	3.7917739218456
900	0.030050559329063
920	0.04069880777209
940	0.010491467192351
960	0.012489257150069
980	0.020392126220969
1000	0.010486123939997
1.8	0.18181818181818	1.5271990334451
900	0.022474258268908
920	0.021126342231714
940	0.026022443057002
960	0.040235625751032
980	0.015224457800394
1000	0.0048897791683093
1.8	0.36363636363636	2.0561531941334
900	0.14899821776115
920	0.047165940891632
940	0.034034963177572
960	0.13181157173681
980	0.0072918392470106
1000	0.005916606065256
1.8	0.54545454545455	4.7710513705987
900	0.083189048196134
920	0.052801407204231
940	0.024389923960464
960	0.015340118627688
980	0.0081270510472508
1000	0.01304079189947
1.8	0.63636363636364	1.8009818992731
900	0.08248534612705
920	0.038821709952492
940	0.029986289854052
960	0.015331559221278
980	0.010390192840751
1000	0.032348937921892
1.8	0.72727272727273	2.2347705175086
900	0.063865783448462
920	0.029856794880733
940	0.22960226047966
960	0.017368147819634
980	0.014305500797311
1000	0.059621203951367
1.8	0.81818181818182	5.9396901185019
900	0.038756117696514
920	0.04247250391196
940	0.10158098534452
960	0.019912197223213
980	0.018349165397001
1000	0.093412912990161
1.8	0.90909090909091	4.7611746557793
900	0.03743874862217
920	0.087067476934223
940	0.057252550598192
960	0.022848132189294
980	0.019267698767876
1000	0.028435369675351
1.8	1	3.1552101275206
900	0.047397551936918
920	0.14405106972398
940	0.045436565826897
960	0.024527810962616
980	0.017554296489683
1000	0.013165958589956
1.8	1.0909090909091	3.0586641845035
900	0.079775066372608
920	0.11157011159355
940	0.030541285867506
960	0.020608172244649
980	0.11388490861934
1000	0.011199601544263
1.8	1.2727272727273	4.9626971335551
900	0.03288633679018
920	0.036617342436957
940	0.010497854802156
960	0.012359444179603
980	0.022904695265991
1000	0.011246673945698
2.2	0.18181818181818	1.5839720975626
900	0.024507018084851
920	0.021559579198869
940	0.024586505195326
960	0.049750429675208
980	0.021717268888964
1000	0.0057625842701974
2.2	0.36363636363636	2.4500589573761
900	0.13692433700095
920	0.041242828423603
940	0.044598845582947
960	0.10969363377659
980	0.0086701635456302
1000	0.0065898531253081
2.2	0.54545454545455	4.3752820114985
900	0.072304667595458
920	0.052750628990819
940	0.036085799392561
960	0.020502277561572
980	0.0083019206745825
1000	0.014048611116622
2.2	0.63636363636364	2.1000363797013
900	0.066531965547261
920	0.052904204612877
940	0.036648628361581
960	0.016512135275157
980	0.011003096797952
1000	0.036330952838116
2.2	0.72727272727273	2.5023202160227
900	0.070175108528279
920	0.041068910976658
940	0.22543540427913
960	0.017383388510928
980	0.013531061536782
1000	0.077694707718571
2.2	0.81818181818182	6.3026871956015
900	0.058105839261297
920	0.048266861349056
940	0.099602259432799
960	0.018319748366419
980	0.016491875801242
1000	0.11625011674435
2.2	0.90909090909091	5.1924020530966
900	0.046035607940697
920	0.091039113103178
940	0.056933981857703
960	0.01937962239088
980	0.018791129661304
1000	0.045486973512815
2.2	1	3.442657581794
900	0.050455805686245
920	0.14906567362226
940	0.042197663999501
960	0.020850898805575
980	0.019937898538711
1000	0.014875902092654
2.2	1.0909090909091	3.0527294900482
900	0.082345901180371
920	0.11079696781631
940	0.034390912671077
960	0.026601759873737
980	0.10716910744642
1000	0.012570176935122
2.2	1.2727272727273	5.0321465471832
