900	0.021094998896197
920	0.014653161649957
940	0.016229341721511
960	0.016596405237856
980	0.018130685402825
1000	0.0060281383835007
1	0.18181818181818	1.3800427862354
900	0.025107352834269
920	0.031596372463491
940	0.02522306158204
960	0.016549024979038
980	0.0063690161707536
1000	0.0029905045330381
1	0.36363636363636	1.2895220337332
900	0.059175250259684
920	0.023405339330293
940	0.010805704702579
960	0.0073160722578827
980	0.0067178244159453
1000	0.0087020934941175
1	0.54545454545455	1.0134043950054
900	0.033313818802951
920	0.017834545970226
940	0.015366820216594
960	0.013837217890401
980	0.013330069561328
1000	0.010785411700405
1	0.63636363636364	1.3326843438006
900	0.026954191386921
920	0.02236347225707
940	0.070473034367081
960	0.019301640088163
980	0.012835647195263
1000	0.012582328580607
1	0.72727272727273	2.3626284398484
900	0.031296247437225
920	0.031385839637586
940	0.076107057583032
960	0.016630297500263
980	0.0095048720419338
1000	0.30827236979389
1	0.81818181818182	8.2113523947163
900	0.036612644486775
920	0.042007652002149
940	0.030905005495709
960	0.013121036055297
980	0.0085522162105785
1000	0.007242634781023
1	0.90909090909091	1.534963219167
900	0.03376571705992
920	0.14509417879563
940	0.020389176403548
960	0.012881021579902
980	0.009826429940986
1000	0.0070689283907156
1	1	2.0377154901621
900	0.034433387646258
920	0.083313219607819
940	0.019287280083562
Abnormal absorption!!!	960
960	-0.0031274026578739
980	0.015582088341321
1000	0.0078777053441524
1	1.0909090909091	1.4015317453012
900	0.19258382316591
920	0.026998131770217
940	0.017358122315201
960	0.013687807522954
980	0.066017057930234
1000	0.0055865083432409
1	1.2727272727273	3.1032966459997
900	0.02583341154218
920	0.062077608993432
940	0.010795025204915
960	0.019522811789664
980	0.019308118393509
1000	0.0091991911905095
1.4	0.18181818181818	1.7725915867462
900	0.021083803920047
920	0.022949033470475
940	0.030445387807547
960	0.030179853376394
980	0.010570040189464
1000	0.0040218823044846
1.4	0.36363636363636	1.7578521011672
900	0.13246464240143
920	0.047871602645943
Abnormal absorption!!!	940
940	-0.084815154951274
960	0.029521312250033
980	0.007619091622704
1000	0.0062321970241229
1.4	0.54545454545455	0.40114531085489
900	0.098563918068673
920	0.033435942994046
940	0.015382983405497
960	0.013536542366148
980	0.0085316649460787
1000	0.013892916105857
1.4	0.63636363636364	1.5668065272412
900	0.059935543821196
920	0.024647343529522
940	0.028681698132183
960	0.01368665723713
980	0.013389008764916
1000	0.027335302979963
1.4	0.72727272727273	1.9907910232423
900	0.031943327254462
920	0.024635930772126
940	0.25105657777969
960	0.019268077623791
980	0.018569952294659
1000	0.035222700759559
1.4	0.81818181818182	5.815578184498
900	0.029532620489547
920	0.044363514451887
940	0.081746575722994
960	0.025912564656686
980	0.016051676255537
1000	0.10691118715942
1.4	0.90909090909091	4.7882727135471
900	0.04338142650037
920	0.098510793540443
940	0.060160664700295
960	0.022963353182482
980	0.011597618277198
1000	0.010275704117642
1.4	1	2.746591740152
900	0.058231743146314
920	0.12925890705963
Abnormal absorption!!!	940
940	-0.074559987533496
960	0.015812116573349
980	0.012454898742129
1000	0.010024077826781
1.4	1.0909090909091	0.71504946415421
900	0.057997984643924
920	0.032251660089575
940	0.019011353129251
960	0.019433744697972
980	0.1234184980633
1000	0.011769460608539
1.4	1.2727272727273	4.4299647698513
900	0.029151192523947
920	0.03995990964547
940	0.01063384797257
960	0.01171093015234
980	0.024059396538782
1000	0.010313996251425
1.8	0.18181818181818	1.5903499152573
900	0.023260392360518
920	0.027654051547973
940	0.02815378811446
960	0.042126358409897
980	0.015288777012708
1000	0.0047870067833171
1.8	0.36363636363636	2.1787069094103
900	0.11205777742604
920	0.049746600275281
940	0.057866910537727
960	0.11118997572581
980	0.0099885987237912
1000	0.0066393082389721
1.8	0.54545454545455	4.6313581771215
900	0.076088018494401
920	0.059589020582142
940	0.023793147546458
960	0.0120846059181
980	0.0083787667651907
1000	0.015971135649107
1.8	0.63636363636364	1.798393713677
900	0.081752147688713
920	0.034490164390351
940	0.036356088647821
960	0.012563695834759
980	0.011639911571976
1000	0.04123569300738
1.8	0.72727272727273	2.4444432773622
900	0.062459847109806
920	0.032922236127975
940	0.20645003405316
960	0.0176515524637
980	0.016789945681679
1000	0.066132603583205
1.8	0.81818181818182	5.7880325646031
900	0.038119367704328
920	0.05563306927233
940	0.069509900876193
960	0.020092585946349
980	0.020410049438236
1000	0.091867482658634
1.8	0.90909090909091	4.3639159483513
900	0.040884751586382
920	0.1274310361564
940	0.046432269725267
960	0.02579810058757
980	0.020612135389697
1000	0.019286058022002
1.8	1	3.1759262927652
900	0.057949825067234
920	0.16019620177529
Abnormal absorption!!!	940
940	-0.042084091890396
960	0.024779549493817
980	0.021656499248167
1000	0.011561899015623
1.8	1.0909090909091	1.8947975626747
900	0.1187960033297
920	0.072524871387338
940	0.028860386423379
960	0.025355582148292
980	0.12610061361805
1000	0.010500431294528
1.8	1.2727272727273	5.2102034722909
900	0.031326748023555
920	0.04435116905426
940	0.010667544786087
960	0.019137952479586
980	0.024327729926227
1000	0.010956144924169
2.2	0.18181818181818	1.8241799668747
900	0.025093537805873
920	0.02124113388349
940	0.027319802056365
960	0.05426637195895
980	0.021797529040105
1000	0.0054572873690401
2.2	0.36363636363636	2.5978371089488
900	0.10365044403747
920	0.046461555009007
940	0.3511738312406
960	0.10762163662827
980	0.0083046028564302
1000	0.0071452756585544
2.2	0.54545454545455	9.0726470442013
900	0.066508866585748
920	0.060747190214337
940	0.032819664957816
960	0.017731815879747
980	0.0094440587718641
1000	0.017392054907347
2.2	0.63636363636364	2.1090559398538
900	0.06771815580066
920	0.053560959333432
940	0.042736680505831
960	0.012597349318744
980	0.011224723761777
1000	0.046705079695137
2.2	0.72727272727273	2.7213477302702
900	0.071067808186196
920	0.042167138567757
940	0.18801630580783
960	0.015629458523878
980	0.015520376560773
1000	0.083107486849825
2.2	0.81818181818182	5.8383906589197
900	0.051796356605773
920	0.058895304572994
940	0.069477243876842
960	0.021058771705062
980	0.018536946378124
1000	0.10105408681005
2.2	0.90909090909091	4.5843028613688
900	0.046554589077081
920	0.13222815563644
940	0.045779562102218
960	0.022636401764714
980	0.021164072278026
1000	0.026113108540385
2.2	1	3.2854210440775
900	0.058713737600625
920	0.16436004382022
Abnormal absorption!!!	940
940	-0.029422216663863
960	0.021982657180504
980	0.019858848187809
1000	0.013103098480471
2.2	1.0909090909091	2.0408232277532
900	0.127385042813
920	0.070240418602736
940	0.033590102377027
960	0.026536174222758
980	0.10747458085898
1000	0.011557454723259
2.2	1.2727272727273	4.885649167818
900	0.034828019733556
920	0.028649579160467
940	0.010930993670605
960	0.04518368922425
980	0.024206991624241
