900	0.046445114595476
920	0.029361397070562
940	0.020193978107811
960	0.014578970390717
980	0.1173902528953
1000	0.0068393169836827
1	1.1818181818182	4.0314138902495
900	0.029557763051857
920	0.02033467860115
940	0.01688708761009
960	0.038195569260596
980	0.0098784356567819
1000	0.005436872934225
1	1.5454545454545	1.7587972623338
900	0.030428321577729
920	0.024381893375194
940	0.31390118920733
960	0.012955287988565
980	0.0061845956125832
1000	0.0044132068589722
1	1.7272727272727	5.7296199489407
900	0.025549872933453
920	0.14578541641641
940	0.023804945549068
960	0.016426936336932
980	0.0073142544188042
1000	0.0055913399055788
1	1.9090909090909	2.0651405534356
900	0.011604242085449
920	0.009277592069487
940	0.032269061047514
960	0.010481548745951
980	0.0036760542040462
1000	0.0014535737741567
1	2.7272727272727	0.97379558271663
900	0.038502198207165
920	0.17130232557802
940	0.018392070756669
960	0.011763347797967
980	0.0081050507898118
1000	0.0063778291922368
1	2	2.1040159331016
900	0.09968086516399
920	0.014821448579784
940	0.0095919652734163
960	0.0055494809918963
980	0.0066872548929673
1000	0.13260647666634
1	2.1818181818182	3.4658174307151
900	0.022804285330127
920	0.012064669310327
940	0.0096766880128174
960	0.008718259329856
980	0.025962912755915
1000	0.0065898124284385
1	2.3636363636364	1.2800480460761
900	0.025374169838972
920	0.015564115458357
940	0.010192224059127
960	0.017891233009828
980	0.0061476021180427
1000	0.0027929558231691
1	2.5454545454545	0.97562100516644
900	0.011604242085449
920	0.009277592069487
940	0.032269061047514
960	0.010481548745951
980	0.0036760542040462
1000	0.0014535737741567
1	2.7272727272727	0.97379558271663
900	0.0635162497495
920	0.14324609350227
940	0.021848516656276
960	0.014550827651274
980	0.046472927781098
Abnormal absorption!!!	1000
1000	-0.0058884123166831
1.4	1.1818181818182	2.8292806905741
900	0.04870345507748
920	0.035073593175451
940	0.029833863040372
960	0.049229190555961
980	0.013798114444942
1000	0.0065326749112531
1.4	1.5454545454545	2.4991758125246
900	0.056608750559826
920	0.032686239873639
940	0.029765118808857
960	0.017503621599776
980	0.0095587100600194
1000	0.00699743044427
1.4	1.7272727272727	1.6448848618318
900	0.035008115182212
920	0.04751876752713
940	0.095951120487021
960	0.017307317200638
980	0.0095833502551798
1000	0.0086193002448171
1.4	1.9090909090909	2.7402322911971
900	0.02318834626043
920	0.023068644493285
940	0.018175973929162
960	0.015246923275096
980	0.0093547732084494
1000	0.0045120197418837
1.4	2.7272727272727	1.1911712436515
900	0.036673519921027
920	0.11519482232963
940	0.038250702697395
960	0.018470289808945
980	0.012288277311108
1000	0.0073501451577221
1.4	2	2.338695544906
900	0.068855766245475
920	0.096919216531782
940	0.03496067127229
960	0.013663723826636
980	0.0089666602169026
1000	0.016953101278899
1.4	2.1818181818182	2.2606779665728
900	0.069259124221718
920	0.036193493639952
940	0.013868563918713
960	0.010018858354253
980	0.011833916513343
1000	0.073047605217555
1.4	2.3636363636364	2.6352115883131
900	0.020552719067892
