900	0.021182481209983
920	0.014100614036068
940	0.01222114100391
960	0.016653381922178
980	0.019110384236785
1000	0.0071956538527256
1	0.18181818181818	1.3624785262745
900	0.28768353148551
920	0.041729687645081
940	0.018673855432484
960	0.17777694020395
980	0.0061043700773914
1000	0.0045523459731908
1	0.45454545454545	5.9734050483389
900	0.028686637484075
920	0.022080656461593
940	0.079171782190182
960	0.019692042580638
980	0.013450439235704
1000	0.015657711441321
1	0.72727272727273	2.5880356705908
900	0.037304107040653
920	0.1545902226791
940	0.024258109001622
960	0.013441566513964
980	0.01012329015541
1000	0.0079137789679538
1	1	2.2071012238038
900	0.17806906251701
920	0.027192349387499
940	0.017525039705251
960	0.015235940399509
980	0.086993094572896
1000	0.0065411358098147
1	1.2727272727273	3.6370573640352
900	0.032865745075671
920	0.021369531058799
940	0.020434845982824
960	0.043854235220235
980	0.010100504954102
1000	0.0058400081235143
1	1.5454545454545	1.9813657088239
900	0.024723596337149
920	0.051456516438667
940	0.059033102843218
960	0.01164771010232
980	0.0067739808440732
1000	0.0050160795613481
1	1.8181818181818	1.8768485314913
900	0.082409469954676
920	0.035357687977833
940	0.014875566519436
960	0.0094219536362772
980	0.0068884410865788
1000	0.016442266106929
1	2.0909090909091	1.4320148140961
900	0.021745765652416
920	0.016134776359339
940	0.012558378972698
960	0.012500323738368
980	0.020963561077616
1000	0.0034058492501884
1	2.4545454545455	1.2529983051606
900	0.014847933308065
920	0.008820793518125
940	0.16141513737142
960	0.0096783737014488
980	0.0039481621405705
1000	0.0023970745523384
1	2.7272727272727	3.0146476859972
900	0.02585376403821
920	0.071161132405961
940	0.014047965304952
960	0.013743243240129
980	0.020537758981887
1000	0.0091866676194669
1.4	0.18181818181818	1.7718370496179
900	0.17226220118408
920	0.039295138907534
940	0.033102168712335
960	0.037125257810888
980	0.0067519751357148
1000	0.0041137622571092
1.4	0.45454545454545	2.4403636691917
900	0.063537281585012
920	0.022701622592884
940	0.029870744358086
960	0.014826577707205
980	0.013522709915891
1000	0.029322816649401
1.4	0.72727272727273	2.0781905123589
900	0.042377263643901
920	0.10819662303365
940	0.057945738853914
960	0.024377099099769
980	0.011975790092872
1000	0.010241224408688
1.4	1	2.8130482996185
900	0.066961990268324
920	0.031657787956776
940	0.019465742062515
960	0.020577088792158
980	0.11980325492275
1000	0.011686986219089
1.4	1.2727272727273	4.3974327505046
900	0.04596317611771
920	0.035461819400474
940	0.030682258660423
960	0.05943840141665
980	0.014406025307439
1000	0.0065657047767647
1.4	1.5454545454545	2.7689749978365
900	0.045860119650965
920	0.030589412780493
940	0.11666433640788
960	0.016708556759512
980	0.010538820663806
1000	0.0082802073825262
1.4	1.8181818181818	2.9935936456672
900	0.061225675766391
920	0.09961522387896
940	0.031592955227177
960	0.018178580686576
980	0.010677971793818
1000	0.0079230043026519
1.4	2.0909090909091	2.1747319759387
900	0.059030299891747
920	0.016660258608745
