900	0.021264786791169
920	0.017348343860301
940	0.012200033417962
960	0.016688961476338
980	0.019930694991495
1000	0.007243532399667
1	0.18181818181818	1.4050745546075
900	0.32715972357973
920	0.040291599905505
940	0.019037108691403
960	0.3022870292551
980	0.0051711857436606
1000	0.004964081201915
1	0.45454545454545	9.0845485217312
900	0.03035213629602
920	0.021464384188218
940	0.088124194317125
960	0.019942871120111
980	0.013777248179533
1000	0.017945771940533
1	0.72727272727273	2.7890799797941
900	0.039441501134413
920	0.15657361491035
940	0.027118338605955
960	0.014323158964709
980	0.010639716868284
1000	0.008226626851911
1	1	2.3113628543318
900	0.16477931210747
920	0.027124115354014
940	0.017995440737856
960	0.017169050402493
980	0.096548464684785
1000	0.0070413429091342
1	1.2727272727273	3.895973776213
900	0.035539275253102
920	0.0248310391896
940	0.021259365102446
960	0.04688778354027
980	0.0092680795576654
1000	0.0059655742659183
1	1.5454545454545	2.0796808292048
900	0.028381983043733
920	0.065061610497939
940	0.056925795536617
960	0.012822387426522
980	0.0059080424373906
1000	0.0051003195556277
1	1.8181818181818	1.9499548425611
900	0.10794934398556
920	0.035670215741931
940	0.015428725390956
960	0.009781781488631
980	0.0074322047205669
1000	0.020315799295287
1	2.0909090909091	1.6192588046557
900	0.020728543527311
920	0.016139250035014
940	0.013568758052628
960	0.013436063736529
980	0.019530086096685
1000	0.004348635557428
1	2.4545454545455	1.27161062742
900	0.016958269502442
920	0.015451187762752
940	0.24478912486883
960	0.0090017172500001
980	0.0038715663565771
1000	0.0024538211548817
1	2.7272727272727	4.3552325137114
900	0.026527095635359
920	0.073064235602292
940	0.010843636692647
960	0.013880048444095
980	0.020904064324613
1000	0.0094202998227289
1.4	0.18181818181818	1.7526202543751
900	0.18276962154397
920	0.039709691742427
940	0.033520733348349
960	0.037314155340699
980	0.0068167260652232
Abnormal absorption!!!	1000
1000	-0.0045172142790189
1.4	0.45454545454545	2.3174543874558
900	0.066395232284159
920	0.023326452651009
940	0.031836867261577
960	0.015106122930239
980	0.013621123915835
1000	0.023029820222257
1.4	0.72727272727273	2.0067273357004
900	0.042809716871294
920	0.11418700696162
940	0.056479380359379
960	0.024272611948245
980	0.012295457920031
1000	0.0080780950404479
1.4	1	2.7920383913394
900	0.073558375540377
920	0.031879642835061
940	0.019854593175641
960	0.02168834013393
980	0.11584646219632
1000	0.015141853984762
1.4	1.2727272727273	4.4224320552856
900	0.044405250809078
920	0.035466045625029
940	0.03120663770936
960	0.067696405370405
980	0.014263722983203
1000	0.0067942370390633
1.4	1.5454545454545	2.973039730032
900	0.044550793411958
920	0.032053532963694
940	0.087554440532438
960	0.016551041875309
980	0.010662163840657
1000	0.0076906798470443
1.4	1.8181818181818	2.5293940412062
900	0.073836175240656
920	0.081755158780295
940	0.029512946066435
960	0.018028464189393
980	0.010614060057049
1000	0.0072290548882717
1.4	2.0909090909091	2.0483109823975
900	0.042130313239401
920	0.017341462005591
