wavelength = {0.2952,0.296,0.2966,0.298,0.299,

0.2995,0.3009,0.3024,0.303,0.3039,0.3054,0.306,0.3069,0.3084,0.309,
0.31,0.311,0.3115,0.3131,0.314,0.3147,0.3163,0.317,0.3179,0.319,
0.3195,0.3212,0.322,0.3229,0.324,0.3246,0.3263,0.327,0.328,0.329,
0.3297,0.331,0.3315,0.3333,0.334,0.3351,0.336,0.3369,0.338,0.3388,
0.34,0.3406,0.342,0.3425,0.3444,0.345,0.3463,0.347,0.3483,0.349,
0.3502,0.351,0.3522,0.353,0.3542,0.355,0.3563,0.357,0.3583,0.359,
0.3604,0.361,0.362,0.3625,0.364,0.3647,0.366,0.3668,0.368,0.369,
0.37,0.3712,0.372,0.3734,0.374,0.375,0.3757,0.377,0.378,0.379,
0.3803,0.381,0.382,0.3827,0.384,0.385,0.386,0.387,0.3875,0.389,
0.3899,0.391,0.3924,0.393,0.394,0.3949,0.396,0.3974,0.398,0.399,

0.4,0.401,0.402,0.4025,0.404,0.4052,0.406,0.407,0.4078,0.409,
0.41,0.4105,0.412,0.4133,0.414,0.415,0.4161,0.417,0.418,0.4189,
0.42,0.421,0.4217,0.423,0.424,0.4246,0.426,0.427,0.4275,0.429,
0.43,0.4305,0.432,0.433,0.4335,0.435,0.436,0.4366,0.438,0.439,
0.4397,0.441,0.442,0.4428,0.444,0.445,0.446,0.447,0.448,0.4492,
0.45,0.451,0.452,0.4525,0.454,0.455,0.4558,0.457,0.458,0.4592,
0.46,0.461,0.462,0.4626,0.464,0.465,0.4661,0.467,0.468,0.469,
0.4696,0.471,0.472,0.4732,0.474,0.475,0.476,0.4769,0.478,0.479,
0.48,0.4806,0.482,0.483,0.4843,0.485,0.486,0.487,0.4881,0.489,
0.49,0.491,0.492,0.493,0.494,0.495,0.4959,0.497,0.498,0.499,

0.4999,0.501,0.502,0.503,0.504,0.505,0.506,0.507,0.5081,0.509,
0.51,0.511,0.5123,0.513,0.514,0.515,0.516,0.5166,0.518,0.519,
0.52,0.5209,0.522,0.523,0.524,0.5254,0.526,0.527,0.528,0.529,
0.5299,0.531,0.532,0.533,0.5344,0.535,0.536,0.537,0.538,0.5391,
0.54,0.541,0.542,0.543,0.5438,0.545,0.546,0.547,0.548,0.5486,
0.55,0.551,0.552,0.553,0.5535,0.555,0.556,0.557,0.558,0.5585,
0.56,0.561,0.562,0.563,0.5636,0.565,0.566,0.567,0.568,0.5687,
0.57,0.571,0.572,0.573,0.574,0.575,0.576,0.577,0.578,0.5794,
0.58,0.581,0.582,0.583,0.584,0.5848,0.586,0.587,0.588,0.589,
0.5904,0.591,0.592,0.593,0.594,0.595,0.5961,0.597,0.598,0.599,

0.6,0.601,0.6019,0.603,0.604,0.605,0.606,0.607,0.6078,0.609,
0.61,0.611,0.612,0.613,0.6138,0.615,0.616,0.617,0.618,0.619,
0.6199,0.621,0.622,0.623,0.624,0.625,0.6262,0.627,0.628,0.629,
0.63,0.631,0.632,0.6326,0.634,0.635,0.636,0.637,0.638,0.6391,
0.64,0.641,0.642,0.643,0.644,0.645,0.6458,0.647,0.648,0.649,
0.65,0.651,0.652,0.6526,0.654,0.655,0.656,0.657,0.658,0.659,
0.6595,0.661,0.662,0.663,0.664,0.665,0.666,0.6666,0.668,0.669,
0.67,0.671,0.672,0.673,0.6738,0.675,0.676,0.677,0.678,0.679,
0.68,0.6812,0.682,0.683,0.684,0.685,0.686,0.687,0.688,0.6888,
0.69,0.691,0.692,0.693,0.694,0.695,0.696,0.6965,0.698,0.699,

0.7,0.701,0.702,0.703,0.704,0.7045,0.706,0.707,0.708,0.709,
0.71,0.711,0.712,0.7126,0.714,0.715,0.716,0.717,0.718,0.719,
0.72,0.7208,0.722,0.723,0.724,0.725,0.726,0.727,0.728,0.7293,
0.73,0.731,0.732,0.733,0.734,0.735,0.736,0.737,0.738,0.739,
0.74,0.741,0.742,0.743,0.744,0.745,0.746,0.7469,0.748,0.749,
0.75,0.751,0.752,0.753,0.754,0.755,0.756,0.757,0.758,0.759,
0.76,0.761,0.762,0.763,0.764,0.7653,0.766,0.767,0.768,0.769,
0.77,0.771,0.772,0.773,0.774,0.7749,0.776,0.777,0.778,0.779,
0.78,0.781,0.782,0.783,0.784,0.7847,0.786,0.787,0.788,0.789,
0.79,0.791,0.792,0.793,0.794,0.7948,0.796,0.797,0.798,0.799,

0.8,0.801,0.802,0.803,0.804,0.8051,0.806,0.807,0.808,0.809,
0.81,0.811,0.812,0.813,0.814,0.815,0.8157,0.817,0.818,0.819,
0.82,0.821,0.822,0.823,0.824,0.825,0.826,0.8266,0.828,0.829,
0.83,0.831,0.832,0.833,0.834,0.835,0.836,0.837,0.838,0.839,
0.84,0.841,0.842,0.843,0.844,0.845,0.846,0.847,0.848,0.849,
0.85,0.851,0.852,0.853,0.854,0.855,0.856,0.857,0.858,0.859,
0.86,0.861,0.862,0.863,0.864,0.865,0.866,0.867,0.868,0.869,
0.87,0.871,0.872,0.873,0.874,0.875,0.876,0.877,0.878,0.879,
0.88,0.881,0.882,0.883,0.884,0.885,0.886,0.887,0.888,0.889,
0.89,0.891,0.892,0.893,0.894,0.895,0.896,0.897,0.898,0.899,

0.9,0.901,0.902,0.903,0.904,0.905,0.906,0.907,0.908,0.909,
0.91,0.911,0.912,0.913,0.914,0.915,0.916,0.917,0.918,0.919,
0.92,0.921,0.922,0.923,0.924,0.925,0.926,0.927,0.928,0.929,
0.93,0.931,0.932,0.933,0.934,0.935,0.936,0.937,0.938,0.939,
0.94,0.941,0.942,0.943,0.944,0.945,0.946,0.947,0.948,0.949,
0.95,0.951,0.952,0.953,0.954,0.955,0.956,0.957,0.958,0.959,
0.96,0.961,0.962,0.963,0.964,0.965,0.966,0.967,0.968,0.969,
0.97,0.971,0.972,0.973,0.974,0.975,0.976,0.977,0.978,0.979,
0.98,0.981,0.982,0.983,0.984,0.985,0.986,0.987,0.988,0.989,
0.99,0.991,0.992,0.993,0.994,0.995,0.996,0.997,0.998,0.999,

1,1.001,1.002,1.003,1.004,1.005,1.006,1.007,1.008,1.009,
1.01,1.011,1.012,1.013,1.014,1.015,1.016,1.017,1.018,1.019,
1.02,1.021,1.022,1.023,1.024,1.025,1.026,1.027,1.028,1.029,
1.03,1.031,1.032,1.033,1.034,1.035,1.036,1.037,1.038,1.039,
1.04,1.041,1.042,1.043,1.044,1.045,1.046,1.047,1.048,1.049,
1.05,1.051,1.052,1.053,1.054,1.055,1.056,1.057,1.058,1.059,
1.06,1.061,1.062,1.063,1.064,1.065,1.066,1.067,1.068,1.069,
1.07,1.071,1.072,1.073,1.074,1.075,1.076,1.077,1.078,1.079,
1.08,1.081,1.082,1.083,1.084,1.085,1.086,1.087,1.088,1.089,
1.09,1.091,1.092,1.093,1.094,1.095,1.096,1.097,1.098,1.099,

1.1,1.101,1.102,1.103,1.104,1.105,1.106,1.107,1.108,1.109,
1.11,1.111,1.112,1.113,1.114,1.115,1.116,1.117,1.118,1.119,
1.12,1.121,1.122,1.123,1.124,1.125,1.126,1.127,1.128,1.129,
1.13,1.131,1.132,1.133,1.134,1.135,1.136,1.137,1.138,1.139,
1.14,1.141,1.142,1.143,1.144,1.145,1.146,1.147,1.148,1.149,
1.15,1.151,1.152,1.153,1.154,1.155,1.156,1.157,1.158,1.159,
1.16,1.161,1.162,1.163,1.164,1.165,1.166,1.167,1.168,1.169,
1.17,1.171,1.172,1.173,1.174,1.175,1.176,1.177,1.178,1.179,
1.18,1.181,1.182,1.183,1.184,1.185,1.186,1.187,1.188,1.189,1.19}
