0.34796880165126
0.35312437633604
0.35697203358503
0.36517063819407
0.37014517025561
0.37262979881911
0.37941299252924
0.38561444168616
0.38782576061768
0.39115309009541
0.39632763190751
0.39819389023545
0.40100087797221
0.40523304648486
0.40667623083165
0.40909037976252
0.41141919898996
0.4125839193874
0.41568289563203
0.41731606728226
0.4185826854294
0.42109678532256
0.42210229057612
0.42339948517364
0.42479502656568
0.42543122806677
0.42732247889712
0.42811535344123
0.42900956744844
0.4299972764282
0.43053203508626
0.43189496480854
0.43242105716581
0.43316097712507
0.43379256608999
0.43423416455147
0.43487459287389
0.43511554900461
0.43595216100442
0.43616945065388
0.43650853733597
0.43670928879429
0.43690288837499
0.43705457122858
0.43716116521143
0.43713825753591
0.43712531666633
0.43693842777808
0.43687010113424
0.43622934826441
0.43590857178374
0.43520611455287
0.4346838094849
0.43370121883798
0.43293575824252
0.43161937818012
0.43050906636965
0.42885551491737
0.42738311634979
0.42519121425313
0.42353342345133
0.42084847354527
0.41917193945589
0.41605402455143
0.41465686923212
0.41179178302415
0.41102212910694
0.40963833283176
0.40889862199336
0.40858084016516
0.40827946614584
0.40977204695352
0.41045283259428
0.41315719113875
0.41513609530182
0.41820433913413
0.42160924014655
0.42458795830059
0.4295611062538
0.43197796485111
0.43595149998968
0.438684379288
0.44409636456803
0.44823099382551
0.45220536764324
0.45738473359192
0.45995084738469
0.46363519009593
0.46622667334795
0.47090845991578
0.47454793886228
0.4776564062466
0.48079228605918
0.48236711230074
0.48690282555705
0.48965371806513
0.49263926140201
0.49647300902016
0.49800017728866
0.50055359577237
0.50287100632095
0.50547186555448
0.50880722685197
0.51008637484871
0.51222519122841
0.51437615341712
0.51645480607878
0.51855195526437
0.51961020045852
0.52239633643141
0.52461661412739
0.52608706002603
0.52795684504221
0.52948745512084
0.53155303000795
0.53323484764441
0.53405312835124
0.53631655796427
0.53845520219468
0.53958357824387
0.54115213502605
0.54267885361491
0.54373999712014
0.54496275064231
0.54627252639767
0.54801262295987
0.54967857568673
0.55072479405294
0.55196996882549
0.5524946160999
0.5527951946689
0.55435057581169
0.55626662550785
0.5573668613449
0.5600481983563
0.56091299044222
0.56100709487005
0.56051475233366
0.56050167411013
0.56086793016135
0.56382075603791
0.56642936423782
0.56787582915454
0.57015559088431
0.57019909537824
0.56931162237165
0.56698436530396
0.5658646798788
0.56610443208604
0.56797961217817
0.57149545802314
0.57590807674758
0.57953611504961
0.58063575029052
0.57853500706066
0.57540101783263
0.57005934606495
0.56464735468513
0.56252319855137
0.56458131038899
0.5700493035739
0.57592178921949
0.5845848956731
0.58965257081967
0.59109071529115
0.58902461746001
0.58407401903132
0.57794612833136
0.57447344240214
0.56949237532087
0.56944280276039
0.57289516125435
0.57557761827688
0.58097230304613
0.58804520412685
0.59253627862539
0.60032679148515
0.60093410384898
0.59613740489604
0.58949281656587
0.57580699057183
0.5563897115261
0.53523720883063
0.52845574235269
0.52907373833141
0.53584305912039
0.54255663395813
0.55633940264883
0.57170947879356
0.59437316975921
0.60501818845068
0.61397764595084
0.61328505624112
0.60064516977366
0.58348414178462
0.56072922929435
0.53760952977695
0.51761301208458
0.50153295201952
0.49145407046194
0.48816491515836
0.49130672257307
0.50535639965216
0.52411628908274
0.54677546073445
0.56888384361343
0.59214481601571
0.60990228316777
0.62041432484113
0.61990564722359
0.60827803672563
0.58877889793702
0.56593510745895
0.5416729500307
0.51590224594723
0.48835323171598
0.46388513371524
0.43896984524837
0.43771227996887
0.44140046090007
0.45153976551923
0.4676584410824
0.47995438263906
0.51083368033539
0.53756292921877
0.56572272858739
0.58960584544626
0.61158026450105
0.62053055253281
0.6164448566898
0.5893991082745
0.570131039401
0.53122549543518
0.48827459903419
0.44508306984253
0.40848359413153
0.38543449392475
0.37123262090255
0.36332508408313
0.36235855400798
0.36591891200882
0.37598490654823
0.39117058842663
0.41139348140196
0.43916744950283
0.45967812752833
0.48654707787787
0.51602346796925
0.54655256600508
0.56913314869401
0.59677207270295
0.60705338920917
0.60362199270517
0.58714775442061
0.57229756563282
0.51553287484499
0.46717381793575
0.41761455008321
0.36975276865354
0.34686446823863
0.32590634872032
0.31787213985538
0.31422333494805
0.31472750111953
0.3164844574594
0.30539097486282
0.30259751180261
0.30329541247495
0.30778235944158
0.31219983177808
0.34484720842398
0.37344431144134
0.40626104307087
0.4428107240324
0.46891708767951
0.50637420802757
0.53145433418042
0.5493706441711
0.55645777175413
0.54988526780207
0.53065343381114
0.50016396911604
0.4625482966125
0.42169019308597
0.36683975751741
0.35135856897631
0.32827988274221
0.30923192265887
0.29429582117605
0.28275540689137
0.27594856577059
0.26499892318797
0.2592273982644
0.25619734817026
0.25588087625018
0.25991983369474
0.2609414091303
0.26461533825685
0.27084894268625
0.27973882473455
0.29141759535757
0.30771680294458
0.32503082343117
0.34686641138609
0.37184471252723
0.39896631990135
0.42647057169078
0.45066821051426
0.47888663059359
0.49758561997581
0.50720722678444
0.5063498397728
0.49513354715536
0.47969966600179
0.44694814835863
0.4155615121062
0.38340475569718
0.35240961263422
0.32382854915015
0.30299788980959
0.27482868765885
0.25451681780382
0.23738185004779
0.22292671620859
0.21077594724405
0.2017936136634
0.19582546404377
0.19223933214085
0.19033694261029
0.19008332264058
0.19142152816825
0.19512335388085
0.19582089044768
0.19788924837491
0.20137326882224
0.20650806987233
0.21303227816461
0.2211720161373
0.22692306251714
0.24776542763345
0.26551699599445
0.28507346440415
0.30645001227186
0.32948684861594
0.35444548124964
0.37406283061515
0.39267775738353
0.40614931793954
0.41251783471072
0.4110011061865
0.40129292174805
0.38838482685529
0.36318457387894
0.33852180698991
0.3131098049279
0.28803926064345
0.26396943623795
0.24219287617152
0.22994470852802
0.20777286982445
0.19399588895461
0.1823090986931
0.17228937420928
0.16379411847394
0.15668744441535
0.15355018567434
0.14419420502526
0.13941116122669
0.13557805442271
0.13268911250892
0.13066176468634
0.12946133118133
0.12912848708965
0.12943539224134
0.13060361275619
0.13257737181451
0.13527154520576
0.13890914560337
0.14344478494886
0.14769550385937
0.15508701366853
0.16256179615678
0.17097846985261
0.18057767490857
0.19163144002657
0.20367971324628
0.21963202253132
0.23224726035056
0.248839371882
0.26582113242357
0.28253576010439
0.29812342228391
0.31157464946648
0.32184640823838
0.32723071327664
0.32950241823402
0.32613672515092
0.31826367299486
0.30662072053004
0.29219881362308
0.27604414047028
0.25944270036298
0.25077784654056
0.22358664182063
0.20694715611504
0.19133450700813
0.17737731624863
0.16459047003458
0.15335370823313
0.14320127521141
0.1386478480623
0.12635760671863
0.11944795084668
0.11341068256858
0.10808976865385
0.10355574172799
0.099655905029178
0.096298019667509
0.094574390721515
0.092649633014682
0.09173860871487
0.091208454698416
0.091041026815967
0.091222465643398
0.09174899664442
0.092654949409196
0.093623140241167
0.094472620822866
0.095580080197253
0.097005393543301
0.09888435535673
0.10117665639042
0.10390444125901
0.10709079670958
0.11203737787466
0.11569683043627
0.1214718182967
0.12788465204661
0.1349686399375
0.14275386093195
0.1512520135671
0.16045498247403
0.17032361403786
0.18077611614469
0.19040631868882
0.19986498943679
0.20936205483942
0.21799217686189
0.22579312259358
0.23182362313396
0.23599330811802
0.23767775775342
0.23684903043702
0.23542872315422
0.23156697773918
0.2253902560714
0.21755951903092
0.20820456948032
0.1982008135124
0.18754422200427
0.17682319079116
0.16655965726031
0.15510144319077
0.14454058563075
0.13453584245063
0.12532403286191
0.11704762566336
0.10936350754776
0.10251670813648
0.096203284726872
0.088981733981352
0.086218897782747
0.082683370793083
0.079462500525724
0.07666213611324
0.074131087865319
0.071952657876005
0.07000723250161
0.068356492732483
0.066940755325035
0.065842274617983
0.063824183571839
0.062239490544525
0.060876130903494
0.05970097542169
0.05871430680749
0.057905611221143
0.057265139111851
0.056771661810005
0.056444073676087
0.056308125781918
0.057271104755862
0.058197099391388
0.059261446212144
0.060534700427636
0.061995815384787
0.063655130527384
0.065524428755087
0.067616929651898
0.069947249117603
0.071935602547038
0.074194512809618
0.076261603986602
0.078638467654328
0.081158022204218
0.084014340911423
0.087005924343767
0.090352255149805
0.093810202112685
0.097612698086212
0.10192339903709
0.10674507382572
0.11239979966403
0.11822100686128
0.12412041943099
0.12998380605778
0.13552005008325
0.14087821462915
0.1457212139546
0.14986316657063
0.15312957584852
0.15477760882447
0.15378328520648
0.15160073997181
0.14824622112319
0.14383615047583
0.13843772510693
0.13240215051811
0.12573209493747
0.11886611580765
0.11187181259135
0.10477457479821
0.10066174089092
0.085296834381849
0.075363359993252
0.066433197767303
0.062660298430918
0.059082265595533
0.055853132938265
0.052875892537482
0.050076816747051
0.047565505143289
0.045213546455334
0.0431056358704
0.041174611159805
0.03937182472598
0.037749850026065
0.036266160911299
0.034884865639029
0.033648203608638
0.03249976818845
0.031472222232437
0.030536071425174
0.029671895209689
0.028901688853815
0.028194336274811
0.027564223561907
0.026997392995296
0.0264869774188
0.026036751098411
0.0256391870028
0.025292808547899
0.024993997893769
0.024744431426354
0.024535904240771
0.024370483987904
0.024281679333087
0.024227832045617
0.024212550509177
0.024247525563713
0.024312574952531
0.024416556752995
0.024573454432583
0.024757279091285
0.024998719951629
0.025264688519002
0.02556062559201
0.025919475207849
0.02630233710179
0.026729765525892
0.027228704394553
0.027751178436613
0.028351799223573
0.028977103302167
0.029653185907226
0.030419457522334
0.031271125218963
0.032183723225676
0.033200171175692
0.034241575751971
0.03534380810916
0.036558201796561
0.037783184915584
0.039065212308298
0.040451544798124
0.041822868447777
0.043252011439398
0.044757323446962
0.046203157454159
0.047684731376625
0.049057574892686
0.050351730663386
0.051586778630638
0.052620684144958
0.053474019059983
0.054148751181762
0.054577541202369
0.054739869020752
0.054630095010383
0.054208018153123
0.053503171326756
0.05251070525079
0.051276354252596
0.049826918115418
0.048157130826922
0.046373696269948
0.044507922543689
0.04253099784144
0.040563952285826
0.038595115779176
0.036605431926785
0.034708327159018
0.032869504301741
0.031063222466664
0.029382032213224
0.027784268731991
0.026257344211035
0.024851322579825
0.023533156971587
0.022269554704205
0.021117285723413
0.020041555856877
0.019015492945088
0.018082397102331
0.017213304058432
0.016387694262253
0.015668809655567
0.014984342543989
0.014359590830078
0.013765044541821
0.013211247290684
0.01270588157088
0.012223982414431
0.011782356693488
0.01136296065713
0.010971458102396
0.010614038168868
0.010274418686197
0.009961683529299
0.0096648633724388
0.0093872973655682
0.0091307749969084
0.0088877720624125
0.008662424039633
0.0084493388237533
0.0082500406877037
0.0080774325130295
0.0079153441576879
0.0077647296777964
0.0076240482082994
0.007493016764816
0.0073713764724493
0.0072585682270361
0.007153087424042
0.0070563106403717
0.0069656407863525
0.0068966898884498
0.0068346962512267
0.0067771772881473
0.0067281642174003
0.0066827044743302
0.0066456629241829
0.0066145203001864
0.0065856962741579
0.0065654178724854
0.0065467125318228
0.0065417722706592
0.0065417169349571
0.0065464533560416
0.0065558946066876
0.0065700707019924
0.006583734502515
0.0066066968532323
0.0066340470193692
0.0066658246848687
0.0067017010002215
0.0067493599084283
0.0068012836869695
0.0068576418678332
0.0069111912957287
0.0069755595317784
0.0070438414063843
0.0071158480763769
0.0071915050388733
0.0072703913753742
0.0073521760786576
0.0074389821710339
0.0075369478938299
0.0076373610764652
0.0077394580095704
0.0078427282488637
0.0079459691024615
0.0080486149355661
0.0081391813184383
0.0082367087331537
0.0083297125051087
0.0084436558337586
0.0085515375505067
0.0086517334637553
0.0087417081749123
0.0088101134739083
0.0088741011638583
0.0089213650239581
0.0089495332421029
0.0089562958710236
0.008939790490541
0.0089175236560032
0.0088707346820443
0.0087985424706301
0.0086995269452495
0.0085740107650335
0.0084215416283575
0.0082443114265905
0.0080407229076005
0.0078142739417316
0.0075671584762055
0.007326160440881
0.0070696605006979
0.0067998232710173
0.0065161851000612
0.0062286542298851
0.005937080957859
0.0056434952295623
0.0053509010317345
0.0050611571203534
0.0047761408770319
0.0045223442167919
0.0042792937622791
0.004043207927705
0.0038148838335494
0.0035949092738774
0.0033836853137716
0.0031816673642563
0.0029885124434844
0.0028013627621437
0.0026264449441066
0.0024734494665996
0.0023283195844811
0.0021904341208733
0.0020597056251795
0.0019360016826595
0.0018167203846633
0.0017059179702961
0.0016009923938441
0.0015014726279785
0.001407359916242
0.0013264444591853
0.0012497405516261
0.0011769805047697
0.001106972887483
0.0010414811474677
0.00097924298171426
0.00092004791676414
0.00086367276051724
0.0008099654003878
0.0007587241616811
0.00072283653524619
0.00068910847497328
0.00065689638339694
0.00062611239587806
0.00059665283934207
0.00056843036624155
0.00054136268545324
0.0005153821708842
0.00049019112899673
0.00046618265267884
0.00045043075609807
0.00043513392745931
0.0004205711974421
0.00040653603009133
0.00039289637482354
0.00037983290321963
0.00036712968397934
0.00035491657557962
0.00034309036398261
0.0003315681382503
0.00032186315354943
0.00031241806837246
0.00030329088227909
0.00029439312947976
0.00028575936444386
0.00027734256047673
0.00026912496155673
0.00026110016244285
0.00025326385124769
0.00024556936783227
0.00023948084034597
0.00023353072470866
0.00022769873045725
0.00022203331262738
0.0002164330794997
0.00021092577169524
0.00020550936306618
0.00020015620998026
0.00019486459281448
0.00018963306583897
0.00018652644031425
0.00018340917490911
0.00018041933814117
0.00017739221420521
0.00017440005882696
0.00017151657883852
0.00016858850624513
0.00016575277546726
0.00016285617882073
0.00015995600123642
0.00015767204757522
0.000155305627767
0.0001530328500855
0.00015065299408201
0.00014836892519032
0.00014597295617924
0.00014355461754689
0.00014120860796141
0.00013872834511486
0.0001363096116056
0.00013516294782556
0.00013399578194528
0.00013281421885081
0.00013161332993683
0.0001303997197587
0.00012914461561486
0.00012786608741167
0.00012664865333789
0.00012527827073705
0.00012385204752585
0.00012217812301263
0.00012054746649781
0.0001187208027621
0.00011680744891507
0.00011491451126211
0.00011279931357377
0.00011068513492152
0.00010833255133152
0.00010596046518857
0.00010332873695135
0.00010236973119321
0.0001014412769989
0.00010031178979258
9.9195893759396e-05
9.7865616556891e-05
9.64220726698e-05
9.4962507825758e-05
9.3264420428285e-05
9.1527888437137e-05
8.9540667881804e-05
8.8232018709722e-05
8.6691751799206e-05
8.5012717351618e-05
8.3270104242084e-05
8.1283031857199e-05
7.9210225153115e-05
7.6889253584705e-05
7.4391341505942e-05
7.1780397641497e-05
6.8919132024642e-05
6.686346394208e-05
6.4598885768957e-05
6.2178003150837e-05
5.9646676803943e-05
5.6920494868593e-05
5.4075356338758e-05
5.1060407055846e-05
4.7930639376047e-05
4.4651803046501e-05
4.1262928757953e-05
3.8572502592888e-05
3.578851956698e-05
3.2941537508474e-05
3.0028450109684e-05
2.7073578252168e-05
2.4085585910876e-05
2.1081449124477e-05
1.8070587164799e-05
1.5073377482123e-05
1.2099409231657e-05
1.145060661709e-05
1.0803372526583e-05
1.0150868631646e-05
9.5064008071022e-06
8.86735935135e-06
8.2307513269431e-06
7.6096541892501e-06
6.9950102642297e-06
6.3993036617527e-06
5.8138398116026e-06
