flat = {0.45955752940783,
0.46580293729877,
0.47045489214248,
0.48031927844036,
0.48627372632604,
0.48924266138815,
0.49731732150353,
0.50466918054656,
0.50728063210748,
0.51120446285056,
0.51728996525574,
0.51947995330343,
0.52276981757423,
0.52771869675182,
0.52940206248041,
0.53221514754734,
0.53493043887865,
0.536287185046,
0.53989762493615,
0.54179551569584,
0.5432664744309,
0.54619197651239,
0.54736241071689,
0.54887141514484,
0.550496074469,
0.55123629462636,
0.5534435000509,
0.5543725953311,
0.55541977553586,
0.55657923086903,
0.55720684259608,
0.55881094946388,
0.55943158795841,
0.56030463874568,
0.56105500175553,
0.56157974304036,
0.56235170334973,
0.56264241547059,
0.5636505843812,
0.56392066834209,
0.56434219126312,
0.56459977591448,
0.56484905037507,
0.56505651777901,
0.56520300624032,
0.56521679673335,
0.56522182190612,
0.56505515410439,
0.56499368012669,
0.56433044857353,
0.56398742666105,
0.56323469757391,
0.56266577776524,
0.56159368312235,
0.56075303997858,
0.55930479977767,
0.55807679464111,
0.55624497286112,
0.55460867041729,
0.55216765562056,
0.55032367838408,
0.54732907906772,
0.5454685703284,
0.54199578649747,
0.54046277842517,
0.53730020565801,
0.53648772677987,
0.53500861437482,
0.53421002205202,
0.53403010012722,
0.53376255978786,
0.53565638344987,
0.53653977822733,
0.53979214150691,
0.54217655581782,
0.54580154345453,
0.54982022004219,
0.55329785859639,
0.55909073274248,
0.56188213454076,
0.5664617908903,
0.56960450246672,
0.57578978913981,
0.58049944794995,
0.58500484890732,
0.5908569568623,
0.59374421750905,
0.59788020235668,
0.60078265711124,
0.60600701684814,
0.61005564388056,
0.6135031781558,
0.61697287085243,
0.61871221432012,
0.62370792442412,
0.62672926486938,
0.62999967860767,
0.63418804626674,
0.6358527037379,
0.6386315090569,
0.64114851662737,
0.64396706955083,
0.64757307320862,
0.6489525665111,
0.65125575866549,
0.65356830334028,
0.65580054240232,
0.65804808981692,
0.65917991524203,
0.6621529748272,
0.664520844902,
0.66608733769095,
0.66807237626204,
0.66969025124629,
0.67186880398635,
0.67364731848527,
0.6745153952237,
0.67691086651589,
0.67913581923956,
0.6802986274701,
0.68192068503163,
0.68352764057509,
0.68466561088159,
0.68596339718851,
0.68731223647401,
0.68904942849996,
0.69069420027196,
0.69173870639012,
0.69304005699305,
0.6936547301857,
0.69400426971169,
0.6955826681419,
0.6973929304589,
0.69841755573887,
0.70091516388634,
0.70178698280642,
0.70193492864552,
0.70169747112996,
0.70179176188624,
0.70215011564181,
0.7048908903247,
0.7072543194017,
0.70857214882201,
0.71047890350667,
0.71048190938563,
0.70969509470733,
0.70779581900081,
0.70687519278638,
0.70707814205335,
0.70841881340278,
0.71110323620933,
0.71445603784609,
0.71756781470454,
0.71860493489435,
0.71705241205258,
0.71414885120031,
0.70925690689045,
0.7041866283827,
0.70208462781546,
0.70375698847826,
0.70823407901775,
0.71301593326734,
0.72006748415962,
0.72416997519677,
0.7253641057337,
0.72383019851103,
0.72000199756333,
0.71519666911293,
0.71245765817096,
0.70872185242301,
0.70890956086866,
0.71197185404433,
0.713503909993,
0.71704017857127,
0.72174809341164,
0.72467424830855,
0.73086518391652,
0.73139880826913,
0.72771954153293,
0.72046622062506,
0.70656469691195,
0.68725153518775,
0.66597682091574,
0.66108548193957,
0.66218882206466,
0.66834097431729,
0.67417237325436,
0.68266963065141,
0.69261269696902,
0.7066921292113,
0.71387374571317,
0.71935845634062,
0.71776288568195,
0.70735175549086,
0.69415438325203,
0.67638472818634,
0.6578671359198,
0.64136871164058,
0.62725226925675,
0.61790262364649,
0.61413824305152,
0.61579815659472,
0.62721806436708,
0.64215425495712,
0.6596916253515,
0.67628523259666,
0.69084298047429,
0.7009521362938,
0.70556075731162,
0.70241416039864,
0.69653655565519,
0.68482950031823,
0.67012950219405,
0.65379688682488,
0.63074618134496,
0.60529179001873,
0.58166348491881,
0.55589932992963,
0.55476630760695,
0.55777485584474,
0.5661359168063,
0.57920969917083,
0.58898126800109,
0.61061813536906,
0.62853498134851,
0.64642370029349,
0.66063717600482,
0.67303833886706,
0.67688603765591,
0.67245618914026,
0.65263010829922,
0.63674564065735,
0.60507493921307,
0.56942593488794,
0.53217593788929,
0.4991255413501,
0.48138578435663,
0.47025871057228,
0.46422542709677,
0.46440306009833,
0.46812843397834,
0.47785014471024,
0.49175586646067,
0.50949735913257,
0.53279282306927,
0.54661699285237,
0.56399234130396,
0.58192275981442,
0.59918871285553,
0.61089272715499,
0.62694452548398,
0.63251376249098,
0.63016413882306,
0.62021590885441,
0.61117492852707,
0.56445083576208,
0.52464856716566,
0.48238832906925,
0.43954739407963,
0.41823815177194,
0.40634357612027,
0.40250250131897,
0.40206064672392,
0.40505020596225,
0.40782648356863,
0.39412541200275,
0.38896343696822,
0.38673702676039,
0.38755923568207,
0.38933225800533,
0.41691444567511,
0.43961541874855,
0.46419568790865,
0.48992101769903,
0.50737024674614,
0.52512660465405,
0.53512662743871,
0.54031983549773,
0.53943092951819,
0.53151020343659,
0.51829313375496,
0.49901584479825,
0.47520295287252,
0.44838239861082,
0.40982250800391,
0.40058099673037,
0.3860586620231,
0.37344997035296,
0.36324649171523,
0.35525679264813,
0.35062993631969,
0.34103606191537,
0.3358512769182,
0.33306838496868,
0.33270779617528,
0.33619828091085,
0.33626582958997,
0.33803595850764,
0.34185984248096,
0.34765456747887,
0.35531957233453,
0.3657872680249,
0.37721131741098,
0.39083325460938,
0.4054143663611,
0.42004982414565,
0.43356683181462,
0.44436417390396,
0.45809066493194,
0.46657772313631,
0.47056341320633,
0.46970899058514,
0.46407675224644,
0.45642442303669,
0.43847117698474,
0.42060105688157,
0.40131323476903,
0.38157228430198,
0.36221989758114,
0.34733189641947,
0.32530121881521,
0.30850607507435,
0.29363312066778,
0.28053498168141,
0.26908510227359,
0.26029421129301,
0.25489940449794,
0.25159527838792,
0.24980637487316,
0.24951924116136,
0.25068639264748,
0.25396958909596,
0.25349012849281,
0.25388332025851,
0.25539180348853,
0.25813015548642,
0.26175229362852,
0.2663142103847,
0.26951011240391,
0.28349885506392,
0.29461361540569,
0.30603373812386,
0.31760130553813,
0.32908089802371,
0.34034139379115,
0.34838405465555,
0.35518540260724,
0.35929350834616,
0.36020488636783,
0.35786375929504,
0.35218206560152,
0.34546717376808,
0.33263667414058,
0.31978744903712,
0.30591862398576,
0.29145420969643,
0.27671632774488,
0.26249631116619,
0.25411031391172,
0.23893782659126,
0.22888804657234,
0.21995315510508,
0.21196463830561,
0.20494185381741,
0.19888425724087,
0.19615079181137,
0.18715690933954,
0.18236286129657,
0.17839547777674,
0.17527992547674,
0.17295171071865,
0.17139206058372,
0.17081958818454,
0.1704884943118,
0.17111145305899,
0.1724418883218,
0.17436169369238,
0.17704205539704,
0.18037769185329,
0.18346268645211,
0.18870448874409,
0.193840369214,
0.19937622656205,
0.20540457231575,
0.21198336461524,
0.21870065547761,
0.22691706973659,
0.2337694981802,
0.24223746894794,
0.2503083018709,
0.25770636917062,
0.26414106042547,
0.26933000951976,
0.27302663607802,
0.27480705608605,
0.27525934617383,
0.27367442485195,
0.27036996360964,
0.26551037258991,
0.25933430631431,
0.252114517379,
0.24429168142829,
0.24003562712142,
0.22448822412869,
0.21429218546755,
0.20420241526019,
0.19466838099978,
0.18548752673265,
0.17700265486319,
0.16899342557532,
0.16527638039853,
0.15487187006102,
0.14873916628459,
0.14319693266234,
0.13816421451774,
0.13373793668112,
0.12982053202971,
0.12635674567752,
0.12452977076206,
0.12270773013516,
0.12183070850822,
0.12130610109245,
0.12112382518206,
0.12126797215503,
0.12173454215846,
0.12255401768148,
0.1234293151102,
0.1237460221879,
0.12435068290823,
0.12520848164622,
0.12642786947186,
0.12794908897892,
0.12976729975716,
0.13187313269793,
0.13508199553692,
0.13784187051931,
0.14206503817296,
0.14657264228261,
0.15134086949748,
0.15634238438507,
0.16153403922677,
0.16686242765557,
0.17226093035982,
0.17764906767235,
0.18141272825821,
0.18473839643402,
0.18774988026789,
0.19009307346431,
0.19185994092631,
0.19276186217144,
0.19286227950594,
0.1920136072253,
0.1904181002872,
0.18967446438467,
0.1881042756588,
0.18568822664389,
0.18260271133216,
0.17882445032746,
0.17462227887865,
0.16993976586156,
0.16497736977371,
0.1599600154041,
0.15324821262805,
0.14674470583095,
0.14030263475136,
0.1340835985145,
0.12822144617851,
0.12255035836789,
0.11727024852699,
0.1122181746826,
0.10618025822571,
0.10404476650428,
0.10123982339641,
0.098615373868914,
0.096272840451687,
0.094108914214151,
0.092206399812197,
0.090477326045637,
0.08898394784352,
0.087684620196821,
0.086664045271095,
0.084445393618704,
0.082652463716279,
0.081061087978944,
0.079645284929931,
0.078406615432773,
0.077336178361772,
0.076424505654388,
0.075649585273442,
0.07503045368215,
0.074683285279345,
0.075558549414547,
0.07639358916562,
0.077343627871787,
0.078469514062312,
0.079743979210135,
0.081168498544396,
0.082744456073835,
0.084472970964566,
0.086354690423145,
0.087923415152579,
0.089152536295756,
0.090241434635438,
0.091479319715309,
0.092727273064418,
0.094104570495065,
0.095455850943658,
0.096907069091382,
0.09828805914916,
0.099721289603566,
0.10118760093885,
0.10358115904262,
0.10624692036192,
0.10884044235402,
0.111322471082,
0.1136514086151,
0.11572628664471,
0.11762780516407,
0.11925159100063,
0.12056091767406,
0.12152717022712,
0.12197268747412,
0.12012946315986,
0.11824936419702,
0.11599481784002,
0.11339377151814,
0.11045548618568,
0.10727704571281,
0.10383195079259,
0.10025640083383,
0.096557438139925,
0.092729036896912,
0.090443720261954,
0.080820058959734,
0.074162884561867,
0.067801665769355,
0.065414529520518,
0.063060976149815,
0.060845667668159,
0.058724952793032,
0.056662041239377,
0.054741835784469,
0.052888350079841,
0.051170549618634,
0.049550732023155,
0.048000021693647,
0.046561494259119,
0.045212981713832,
0.043931054621987,
0.042754208802222,
0.041640738151399,
0.040620966964353,
0.039673447601969,
0.03878414098851,
0.037974092531491,
0.037217626335425,
0.036528139755608,
0.035895258067156,
0.035314660947648,
0.034788589112162,
0.034311675984771,
0.033883993215586,
0.033500335605538,
0.033164464856999,
0.032866550688071,
0.032609816184844,
0.032437161580783,
0.032296309669016,
0.032190401295743,
0.032131078246164,
0.03209718687477,
0.032096747488101,
0.032142020218319,
0.032207063639663,
0.032319762327579,
0.032447209765854,
0.032589350455476,
0.032777908335458,
0.032976688631571,
0.033201881060477,
0.033473407504952,
0.0337490021022,
0.034070173107226,
0.034392328686649,
0.034732294395026,
0.035116662787504,
0.035563758956466,
0.036026620394567,
0.036529606488678,
0.037017542944788,
0.037509536614374,
0.038033601825552,
0.038524639850791,
0.039009600257564,
0.03950885880921,
0.039957531700929,
0.040406447360089,
0.040848891997452,
0.041224387328866,
0.041576185549044,
0.041848117270379,
0.04205803228277,
0.042217421982554,
0.042281536190257,
0.042265336229732,
0.042175622916142,
0.042015735540447,
0.041766814083836,
0.041431470821711,
0.04099957328815,
0.040484654805646,
0.039883336144624,
0.03920822912477,
0.038466006218856,
0.037647611201452,
0.036784400066961,
0.035892816867764,
0.034947949134373,
0.033988551542285,
0.033008404007534,
0.031997436800657,
0.031000622480515,
0.030002612061818,
0.028993398610211,
0.028017011756422,
0.02705527585525,
0.026113196703447,
0.025209850793331,
0.024334006062386,
0.023468019133091,
0.022648937826293,
0.021859519201019,
0.02108505256102,
0.020356969374955,
0.019659174514088,
0.018980095943194,
0.018374288913206,
0.01778516737956,
0.017232430073867,
0.016696223658967,
0.016185525130549,
0.015708197183631,
0.015245070674332,
0.014810755138026,
0.014392138481724,
0.013994090226633,
0.013623588401628,
0.013266750033046,
0.012931563174806,
0.012609370858614,
0.012303176229139,
0.012014847507907,
0.011738365602728,
0.011477217239785,
0.011227215437332,
0.010989712069664,
0.010781824250325,
0.010583856838817,
0.010396370225029,
0.010218449205908,
0.010049425024648,
0.0098895315411582,
0.0097380117375098,
0.0095932472936534,
0.0094569118354535,
0.0093261757689227,
0.0092212730869882,
0.0091228153308753,
0.0090282337150074,
0.0089416156281249,
0.008857868659833,
0.0087817483652546,
0.008710661979347,
0.0086410318862503,
0.0085787207977558,
0.0085169742618404,
0.008470363568248,
0.0084271870124928,
0.0083872013200712,
0.0083501603131664,
0.0083159555691375,
0.0082798371825988,
0.0082501258138329,
0.0082223281637886,
0.0081963132803682,
0.0081714920137078,
0.008156961377018,
0.0081432798429787,
0.0081304422761595,
0.0081127646680921,
0.0081002190669326,
0.0080873215024937,
0.0080736838482137,
0.0080590704685335,
0.0080428853796168,
0.0080246788690088,
0.0080107255572665,
0.0079995072849604,
0.0079854426710777,
0.0079678353910573,
0.007946350070832,
0.007920055834092,
0.007888793315068,
0.0078467953208891,
0.0078036731146873,
0.0077537429609029,
0.007721233650243,
0.0076816125243759,
0.0076345895762733,
0.0075792439277655,
0.0075118966058834,
0.0074395673704411,
0.0073579940600037,
0.00726691252453,
0.007166135588935,
0.0070558002578791,
0.0069539798233701,
0.0068432987946456,
0.0067241152914503,
0.0065961395840144,
0.0064601394409898,
0.0063159837085045,
0.0061648005741193,
0.0060061845076392,
0.0058411798408026,
0.0056704086640003,
0.005512810273864,
0.0053508624513128,
0.0051847431979141,
0.005014353960936,
0.0048422881524772,
0.0046685893556638,
0.0044934479908471,
0.0043179707181095,
0.0041425315732869,
0.0039677034612224,
0.0038172841320592,
0.0036695617768979,
0.0035232081134589,
0.0033785947887716,
0.0032360521830655,
0.003095869475055,
0.0029584975920095,
0.0028237384233944,
0.0026906075306617,
0.0025620234709798,
0.0024497128683715,
0.0023404529874444,
0.0022339241230213,
0.0021303472756751,
0.0020299103122033,
0.0019311250667296,
0.0018366343991964,
0.0017450343608835,
0.0016561110454001,
0.0015701534102664,
0.0014962343651641,
0.0014246720465712,
0.0013553838865003,
0.0012876557619793,
0.0012227637274666,
0.0011599365967905,
0.0010990951605754,
0.0010401304732682,
0.0009830052926884,
0.00092761026703609,
0.00089016550692082,
0.00085428042747659,
0.00081949563254692,
0.00078577452689871,
0.00075305439431347,
0.00072128692461104,
0.0006904247268652,
0.00066043410732906,
0.00063108401181052,
0.00060270662759478,
0.00058455945103281,
0.00056679955822478,
0.00054965391490698,
0.00053295963809947,
0.00051661860867329,
0.00050076977264782,
0.00048525157804399,
0.00047015853167979,
0.00045541829610775,
0.00044096329041307,
0.000428759086148,
0.0004168031250439,
0.00040513678570143,
0.00039368971505184,
0.00038248544940944,
0.00037148613251979,
0.00036068005409221,
0.00035005308061525,
0.00033961311884954,
0.00032930189799917,
0.00032108533406424,
0.00031300064913761,
0.00030502510559194,
0.00029721679714332,
0.00028946409718194,
0.00028179891129009,
0.00027422217186748,
0.00026670050954462,
0.00025923510239574,
0.00025182737997798,
0.00024721714646384,
0.00024258895085799,
0.000238082116734,
0.00023352834281147,
0.00022900150656705,
0.00022457133923736,
0.0002200937216136,
0.00021569149765458,
0.00021122664021942,
0.00020674625723943,
0.00020301655313014,
0.00019920039910697,
0.00019545681579002,
0.00019160124844085,
0.00018782100402754,
0.00018392899349656,
0.0001800040393856,
0.0001761258031183,
0.00017211822940806,
0.00016814562849253,
0.00016573321474468,
0.00016327863701303,
0.00016079065926462,
0.00015826465676858,
0.00015571001482976,
0.00015309403744945,
0.0001504402438948,
0.00014779922954878,
0.00014502189299423,
0.00014217641199879,
0.00013909960353742,
0.00013602541012685,
0.00013279104679758,
0.00012947339979691,
0.000126141636345,
0.00012263934666719,
0.00011911025701848,
0.00011540750085837,
0.00011166681787778,
0.00010774563902514,
0.0001055958049867,
0.00010343601910513,
0.00010113688931299,
9.8818657175564e-05,
9.6361101009856e-05,
9.3820872612692e-05,
9.1248399697805e-05,
8.8534606757314e-05,
8.5780453998026e-05,
8.2888483723904e-05,
8.0625982288956e-05,
7.8240697545011e-05,
7.577935956989e-05,
7.3274242605557e-05,
7.0654163440755e-05,
6.7986035212583e-05,
6.5210914229725e-05,
6.235806494246e-05,
5.9455768975289e-05,
5.6456512984754e-05,
5.4164232728203e-05,
5.1796413219213e-05,
4.9371422221323e-05,
4.6908669064529e-05,
4.4381944221408e-05,
4.1815989134442e-05,
3.92007484608e-05,
3.6550639811903e-05,
3.3858169764718e-05,
3.1137373593797e-05,
2.8986651255192e-05,
2.6811753183602e-05,
2.4623064890996e-05,
2.2417604560353e-05,
2.0204795638825e-05,
1.7986019738962e-05,
1.5766394503451e-05,
1.3548774675417e-05,
1.1338802532131e-05,
9.1392808479299e-06,
8.6940738532451e-06,
8.2497599387909e-06,
7.8040907739816e-06,
7.3611233075116e-06,
6.9199786994819e-06,
6.4797311264806e-06,
6.0444653996176e-06,
5.6112006862164e-06,
5.1841402043541e-06,
4.760502820423e-06}
