700	0.36472234074077
720	0.13881533518076
740	0.12783426714511
760	0.22953223185368
780	0.11627164642227
800	0.080783280703717
0.1	1	2.7734045744379
700	0.21677816293352
720	0.22739237617686
740	0.11398140917031
760	0.12600667205661
780	0.18915206676109
800	0.1260388715097
0.1	1.4	2.8794297565741
700	0.18178260613146
720	0.28249832902388
740	0.12061803711807
760	0.099170312754174
780	0.17779165801408
800	0.11153370524795
0.1	1.8	2.7268929941337
700	0.26046190489805
720	0.27273678529933
740	0.13957524151867
760	0.098745292644304
780	0.15045539658976
800	0.13179706600347
0.1	2.2	2.9786785550104
700	0.15357506799436
720	0.19239096791523
740	0.19958165725478
760	0.19194948176416
780	0.10688268514396
800	0.17736982228555
0.1	4	2.8606872750337
700	0.15267728380633
720	0.16946799329355
740	0.25051974187185
760	0.37624739947551
780	0.097240490333265
800	0.18053669620118
0.1	6	3.1674842883122
700	0.15649802547896
720	0.16229341415579
740	0.25108892745998
760	0.28987732116403
780	0.093843502401719
800	0.17703751197363
0.1	8	2.9863606396588
700	0.16011805194844
720	0.15945304091072
740	0.26572700275775
760	0.2271293351308
780	0.092202141830083
800	0.17401996005812
0.1	10	2.8797375423869
700	0.16310312242853
720	0.15820296546818
740	0.26085162784584
760	0.20208958595375
780	0.09126156515878
800	0.17237123425622
0.1	12	2.8243315216878
700	0.1655242231529
720	0.15764046130865
740	0.27651171827391
760	0.18391087523234
780	0.090661577084201
800	0.17336491230659
0.1	14	2.8229320554378
700	0.33057142535015
720	0.1407106269342
740	0.12742882487281
760	0.21471714332986
780	0.11232843241465
800	0.066490713755754
0.4	1	2.5537534826012
700	0.22202938959438
720	0.21621457919058
740	0.20192350738518
760	0.13754008857157
780	0.26583387135313
800	0.16410288345041
0.4	1.4	3.5063698930777
700	0.19775210868727
720	0.27318976179359
740	0.14728445161965
760	0.11524800051285
780	0.10293739416507
800	0.10252904262265
0.4	1.8	2.4897945725494
700	0.29770871840948
720	0.29536413896404
740	0.15042627708043
760	0.11136919980305
780	0.087348166687584
800	0.12206241945316
0.4	2.2	2.8798639993957
700	0.49433845906439
720	0.28085997331206
740	0.19272274089052
760	0.12568672638635
780	0.24053884232755
800	0.18501029420537
0.4	4	4.4189626084541
700	0.34515701774239
720	0.27046225894088
740	0.22177507029937
760	0.14360608125946
780	0.39983698857791
800	0.19952717581811
0.4	6	4.6990806482889
700	0.32062106407613
720	0.2588818282966
740	0.23852539138166
760	0.15725004655386
780	0.36950201637296
800	0.20901563172183
0.4	8	4.5978238665635
700	0.31954013609795
720	0.25646339596476
740	0.24916427572297
760	0.16733390334758
780	0.0028214064391379
800	0.21861559538073
0.4	10	3.3614540074866
700	0.30142445403863
720	0.25510002927081
740	0.25646009745238
760	0.1748254694112
780	0.053749645932873
800	0.22417184067064
0.4	12	3.5452886393339
700	0.27092659686148
720	0.26871551419701
740	0.26175604205248
760	0.18048345884212
780	0.58008161352385
800	0.22295539216216
0.4	14	5.3849526889253
700	0.3253718062272
720	0.12675613548765
740	0.12529400459646
760	0.20954111525418
780	0.11447118968242
800	0.064328530829637
0.7	1	2.4936539203409
700	0.23725136327085
720	0.19341558707292
740	0.21829671343466
760	0.14329817503308
780	0.18027894406453
800	0.090478490532961
0.7	1.4	2.7785799135208
700	0.2180504780284
720	0.28964118629435
740	0.17012869884827
760	0.12281125705176
780	0.20356221189521
800	0.12461513308476
0.7	1.8	3.1177086302403
700	0.26692677572057
720	0.30979724880583
740	0.15791641318292
760	0.1197613311767
780	0.21618750076745
800	0.12721622479442
0.7	2.2	3.3390174617187
700	0.52722339114886
720	0.35550913431768
740	0.16989233437758
760	0.12436271684567
780	0.23172203221115
800	0.15387983549303
0.7	4	4.4140412096001
700	0.50785884033223
720	0.35268442702185
740	0.188264407283
760	0.13157335375142
780	0.2416431972539
800	0.1541734739422
0.7	6	4.4253664836613
700	0.4702023425701
720	0.35926263071855
740	0.19872460526011
760	0.13635075038991
780	0.25101525082027
800	0.17053145462096
0.7	8	4.4855649573894
700	0.44545815240894
720	0.36765282163918
740	0.20270319367402
760	0.14140017870609
780	0.24198341762585
800	0.16682626855827
0.7	10	4.3907084356619
700	0.42913443521681
720	0.32183621869365
740	0.20474921618511
760	0.14192050792649
780	0.25604396576745
800	0.1535008211627
0.7	12	4.2234618476141
700	0.41777845105631
720	0.36129938919095
740	0.21043474755893
760	0.14363956667034
780	0.26089879204562
800	0.16314920283209
0.7	14	4.3578083233007
700	0.32321022250811
720	0.14383845244241
740	0.12557898195968
760	0.20895671819974
780	0.11328091704742
800	0.064007279227421
1	1	2.5155896528885
700	0.24673736497729
720	0.20451969405291
740	0.19744803021796
760	0.14832408089857
780	0.1737787348813
800	0.10404941466662
1	1.4	2.8699744800443
700	0.22742380550846
720	0.26951824589343
740	0.18223137777164
760	0.1289317079127
780	0.20500319781574
800	0.13669828165562
1	1.8	3.2070521290627
700	0.21212773147627
720	0.31423056759698
740	0.15750354042335
760	0.12469076595871
780	0.23162346139475
800	0.12849489284302
1	2.2	3.2629734993528
700	0.39034361229057
720	0.40375761495975
740	0.16001955393263
760	0.12785690496011
780	0.26374659865827
800	0.13161485038233
1	4	4.0963179882714
700	0.41153324366379
720	0.42587845801687
740	0.16464522868379
760	0.13225608612473
780	0.29059128330673
800	0.1346854956631
1	6	4.3300517601597
700	0.40799173891534
720	0.43843499103334
740	0.16929253589094
760	0.13499360632297
780	0.27909227606663
800	0.13633645143831
1	8	4.3247287843735
700	0.40229638210912
720	0.44838110987027
740	0.17418736730435
760	0.13677404066581
780	0.29920398638899
800	0.13735107417726
1	10	4.4162837376093
700	0.39736964254923
720	0.44946474119794
740	0.17572655666658
760	0.13800606539093
780	0.28911947223347
800	0.13804012219012
1	12	4.3764131239867
700	0.39340671896113
720	0.45483619905763
740	0.17306686702295
760	0.13890250351906
780	0.29792604623037
800	0.1385365162842
1	14	4.4089590205511
700	0.32439275287097
720	0.1287887437561
740	0.12535410604314
760	0.21025164379138
780	0.11231425043453
800	0.064422296831526
1.5	1	2.4891116446695
700	0.26069720759019
720	0.1960620389932
740	0.18305438665005
760	0.15581856198403
780	0.17240283458225
800	0.13419416570111
1.5	1.4	3.0653005498505
700	0.24370755708519
720	0.25961147072166
740	0.1880355270672
760	0.13695802111399
780	0.21477531787391
800	0.14659437521495
1.5	1.8	3.3489882862757
700	0.25773939282582
720	0.30968198533424
740	0.15991729031846
760	0.13359034386787
780	0.24124682131218
800	0.12407745571693
1.5	2.2	3.4091684975172
700	0.29440180142957
720	0.42954340164658
740	0.14515629269749
760	0.13653548043683
780	0.29472721947342
800	0.11519618165218
1.5	4	3.8834817257798
700	0.31537863898015
720	0.47840304312342
740	0.14666083036742
760	0.13790737462321
780	0.31551994150943
800	0.11531829971569
1.5	6	4.1227263061402
700	0.31501982460747
720	0.5000898014631
740	0.14828514043907
760	0.13610764087647
780	0.32525322962198
800	0.1157658385691
1.5	8	4.202734741554
700	0.32343063001805
720	0.51181624245632
740	0.14946110295184
760	0.14260944049103
780	0.33079251607062
800	0.11613111062004
1.5	10	4.2851230651753
700	0.31295561668699
720	0.51904183961379
740	0.15030641041335
760	0.14301467940018
780	0.33434111807902
800	0.11640466459557
1.5	12	4.2862040353651
700	0.31628500214039
720	0.52390299675055
740	0.15093453807969
760	0.1470088223891
780	0.33680057812392
800	0.11661260436095
1.5	14	4.3231876590832
700	0.32758215500484
720	0.14197432473844
740	0.12583612839936
760	0.2128384539878
780	0.11215887490044
800	0.065218921246157
2	1	2.5343734613125
700	0.3167853598507
720	0.18925736041013
740	0.1769038885825
760	0.15302216557266
780	0.16776186325114
800	0.15970037081593
2	1.4	3.3370627414211
700	0.3287191865048
720	0.25249424313765
740	0.18628747499794
760	0.14501148559609
780	0.21348799324577
800	0.15302648505153
2	1.8	3.6222757427915
700	0.25749131048847
720	0.30127759991728
740	0.16066338450005
760	0.13701816679004
780	0.24201248144739
800	0.12047322292133
2	2.2	3.3787901231747
700	0.27862599467383
720	0.42584069753607
740	0.13727284791711
760	0.14193582750682
780	0.29610921175229
800	0.10568458813056
2	4	3.7774420448752
700	0.26360496655696
720	0.469561876008
740	0.12116927140449
760	0.12230615685482
780	0.32112256249969
800	0.20970815527783
2	6	4.4929647429688
700	0.29927194721172
720	0.49565542049841
740	0.13713751891421
760	0.14691955326218
780	0.3237139424486
800	0.10118275838957
2	8	4.0589964715476
700	0.38813908176819
720	0.4971760948604
740	0.13423571696862
760	0.14811587585573
780	0.33193687422614
800	0.099061556781558
2	10	4.3302195684555
700	0.51001392163496
720	0.51831705159856
740	0.13561966276273
760	0.081754503364155
780	0.32862780583893
800	0.12122000319095
2	12	4.7338608619259
700	0.56631370938043
720	0.5228518321045
740	0.12680213509023
760	0.14461833308971
780	0.3328404711417
800	0.10515911953921
2	14	4.915334436044
700	0.33699215824648
720	0.1385270387749
740	0.12771960912351
760	0.21990316071234
780	0.11286283695397
800	0.068571706645309
4	1	2.5911718869438
700	0.29562511867672
720	0.17880697471924
740	0.1834907039046
760	0.17113442952646
780	0.16515927100263
800	0.20139983438022
4	1.4	3.5378563177905
700	0.26963653416744
720	0.23242072614939
740	0.17718046924181
760	0.15635301848773
780	0.21090486005357
800	0.13756288270174
4	1.8	3.3174638327857
700	0.26502805057996
720	0.27640435345399
740	0.13624246462479
760	0.15424918403602
780	0.23317777109825
800	0.11457652180622
4	2.2	3.2804133544489
700	0.26196770991093
720	0.36975322960611
740	0.15997205701185
760	0.16059329211118
780	0.27202905940156
800	0.10407904835631
4	4	3.5784168475292
700	0.26176298778108
720	0.38840451439902
740	0.11702958049557
760	0.16632672015405
780	0.25988858375027
800	0.10864637950411
4	6	3.5565158048584
700	0.26256965782018
720	0.38833805219374
740	0.16792702937688
760	0.16983637587267
780	0.26713473722762
800	0.079987430227891
4	8	3.4795641398843
700	0.26350569329352
720	0.38501874172565
740	0.10048990986802
760	0.17212525801026
780	0.2814610915577
800	0.13472948741817
4	10	3.7796626131372
700	0.26434359771652
720	0.3815274559821
740	0.10782469594735
760	0.17371532693162
780	0.27889914461499
800	0.088818325884247
4	12	3.4985849645616
700	0.26505250786669
720	0.37844987004988
740	0.083486124686805
760	0.17487768000777
780	0.25923158928788
800	0.12685937882221
4	14	3.6265382765146
700	0.34912232633986
720	0.13817231749159
740	0.12934416435089
760	0.22440229801269
780	0.11387330483059
800	0.072709189012873
6	1	2.6632937298954
700	0.30514572050442
720	0.17578884128737
740	0.18428195421834
760	0.17581985895771
780	0.16285329349397
800	0.21087090792544
6	1.4	3.6168664499573
700	0.27516836238532
720	0.225350135607
740	0.17718716372409
760	0.16326127802102
780	0.20072941016503
800	0.13592481454188
6	1.8	3.2838369923927
700	0.27028769466993
720	0.26458920186007
740	0.15530904571275
760	0.16365653875942
780	0.22312358951821
800	0.11253110566395
6	2.2	3.2620699369938
700	0.25444139906628
720	0.33133746761341
740	0.13801039123052
760	0.16943727187144
780	0.24720780066474
800	0.10197550330803
6	4	3.3640864724832
700	0.26295408165801
720	0.32932390213151
740	0.13989498031606
760	0.18050893656362
780	0.24175051727932
800	0.10785762215206
6	6	3.4212103282938
700	0.3072367947524
720	0.319081236694
740	0.14288702286457
760	0.16807539836178
780	0.23542195843918
800	0.1139583936726
6	8	3.5235870769637
700	0.29049045502772
720	0.31069266804836
740	0.14542721285764
760	0.20193673577883
780	0.23078017505048
800	0.10751706368022
6	10	3.4627768693288
700	0.25827352481526
720	0.30449748589323
740	0.14744707078221
760	0.1930658090599
780	0.22745403092198
800	0.11046438891392
6	12	3.3519741811512
700	0.29232843899152
720	0.29988370563172
740	0.14904505127607
760	0.17751871392941
780	0.22499912754804
800	0.10806266283541
6	14	3.3920642146894
700	0.35903166696688
720	0.13768866033928
740	0.13092390074584
760	0.22739119296971
780	0.11505866314053
800	0.07642638073702
8	1	2.7243191501321
700	0.31039580217706
720	0.17748402084265
740	0.18523512007116
760	0.17770803229154
780	0.16249506404629
800	0.20953252067844
8	1.4	3.6302102248117
700	0.28233292247712
720	0.22189777187875
740	0.17527488660106
760	0.16561105671213
780	0.19821328930065
800	0.13576957076462
8	1.8	3.288762954972
700	0.27944157333969
720	0.26290183877565
740	0.1564950165051
760	0.16535724364484
780	0.21835496110129
800	0.11111667853001
8	2.2	3.2632867918597
700	0.26078074361606
720	0.32357343656561
740	0.1416118988818
760	0.17741529084442
780	0.2339952421686
800	0.10108024451033
8	4	3.3311921039009
700	0.28109247849939
720	0.31618987652091
740	0.14650483271018
760	0.1864671660159
780	0.2243681300726
800	0.10934729087695
8	6	3.4107911158725
700	0.28938335364605
720	0.22303878889261
740	0.15185543189507
760	0.19153008536554
780	0.21657313058719
800	0.11298991212538
8	8	3.2531008670883
700	0.35300968881055
720	0.28975633910304
740	0.15603132514247
760	0.19462083163244
780	0.21140297252504
800	0.12118848666437
8	10	3.6123396161395
700	0.28729774302956
720	0.29054237557799
740	0.15916173788842
760	0.1966738889284
780	0.20788981638596
800	0.12973414576161
8	12	3.47343127902
700	0.29443182609743
720	0.30893082227377
740	0.16153125303986
760	0.1981290260676
780	0.20538934767375
800	0.11904006136807
8	14	3.462795313586
700	0.36424341626153
720	0.1375525646005
740	0.13342849540923
760	0.22953223185407
780	0.12041761888909
800	0.080152997542472
10	1	2.7874495080065
700	0.31131205563728
720	0.17798768119543
740	0.18537684886571
760	0.17889627543536
780	0.1623184094824
800	0.20641350007947
10	1.4	3.6164344344858
700	0.28532793893969
720	0.22983521254684
740	0.1737744880157
760	0.16763181747121
780	0.19623979155973
800	0.13244809222229
10	1.8	3.2877891196619
700	0.274726452953
720	0.2664332601628
740	0.15671961106569
760	0.16795725323321
780	0.22016519765427
800	0.10687095425849
10	2.2	3.2424249662503
700	0.27843801991689
720	0.29300880517222
740	0.14476242257929
760	0.18172613318319
780	0.22685297339489
800	0.091388147835205
10	4	3.245555324576
700	0.30217165695546
720	0.28213061050834
740	0.15230632810255
760	0.19152826675841
780	0.22425586262254
800	0.12829319837942
10	6	3.531488533027
700	0.30455266467831
720	0.29620375913287
740	0.15944615046606
760	0.19683601591694
780	0.21342381096078
800	0.08092937928219
10	8	3.2581937344955
700	0.29988448061025
720	0.21223603120145
740	0.16464424749824
760	0.2000160066205
780	0.19834902508357
800	0.11298519536167
10	10	3.2254904526696
700	0.34287330101657
720	0.10803345094121
740	0.16833636572273
760	0.20210768566554
780	0.2156795870206
800	0.10345097218258
10	12	3.1471582276035
700	0.27499766440436
720	0.18042168078369
740	0.17101356928818
760	0.20358285669881
780	0.17494631260673
800	0.12679893670569
10	14	3.1032791392858
