700	0.41608147807094
720	0.38409311204729
740	0.14430236142273
760	0.20848219524844
780	0.21488945936466
800	0.14409719871852
0.1	1	4.1452522263705
700	0.16784262245754
720	0.24419655859684
740	0.27228901899865
760	0.12364856133903
780	0.11302277392049
800	0.1232820304711
0.1	1.4	2.67655830037
700	0.22783473229499
720	0.11548726371869
740	0.17066317616053
760	0.18682997904143
780	0.10293972514496
800	0.071908314634167
0.1	1.8	2.2156881545807
700	0.30755394228435
720	0.12159296688351
740	0.12073140607767
760	0.20994995742336
780	0.10812879608924
800	0.074637245444794
0.1	2.2	2.467226211434
700	0.19321139394188
720	0.28198149283315
740	0.22242759279936
760	0.10463322204939
780	0.1999040827652
800	0.13047919598124
0.1	4	3.0881703430613
700	0.22901774221564
720	0.28459037935935
740	0.16896256347078
760	0.09109765287932
780	0.16359876560215
800	0.15999896042982
0.1	6	3.1554984935073
700	0.30390828690983
720	0.24177371413013
740	0.21694799934207
760	0.090394161618332
780	0.14140421239436
800	0.20277435457843
0.1	8	3.5195924394264
700	0.37554563685723
720	0.21611117323037
740	0.22817526316066
760	0.092160948782136
780	0.13005248960998
800	0.23126044109099
0.1	10	3.8202353282629
700	0.42722987875249
720	0.20088856743334
740	0.2492765326582
760	0.092625797739981
780	0.12346128037084
800	0.24677630206416
0.1	12	4.0337809001575
700	0.45694841543256
720	0.19113757712399
740	0.26997608608457
760	0.095702682164187
780	0.11922787270478
800	0.26038386684267
0.1	14	4.1967179352013
700	0.5755247686162
720	0.24627521339635
740	0.17064129314893
760	0.17771205101926
780	0.15801735722316
800	0.11254378690352
0.4	1	3.9026312527209
700	0.16839268967472
720	0.19302552673195
740	0.22270954327159
760	0.14305959573649
780	0.13371144767362
800	0.12965452655737
0.4	1.4	2.6575084509179
700	0.21377428617102
720	0.42766539686518
740	0.20059033702446
760	0.1783323400272
780	0.69013113996301
800	0.10057098320847
0.4	1.8	5.1197287729418
700	0.30518172992509
720	0.20451128800825
740	0.16701205030155
760	0.22160419697131
780	0.1844883676585
800	0.095086581360207
0.4	2.2	3.1053540471517
700	0.26397860445002
720	0.30677185935934
740	0.21738050040191
760	0.17708036566001
780	0.27866777417685
800	0.16403709881166
0.4	4	3.9420903522256
700	0.21581416035235
720	0.42392419529548
740	0.2536850214437
760	0.15480492587687
780	0.060747519283016
800	0.18514363551397
0.4	6	3.3979406897078
700	0.21650288865483
720	0.44167308728678
740	0.25430948467996
760	0.14794842691622
780	0.33201390047459
800	0.17609734975828
0.4	8	4.3446503841868
700	0.16824670150812
720	0.43856683164541
740	0.25282146852912
760	0.14504606288828
780	0.20429787608892
800	0.18713326137254
0.4	10	3.8025937045516
700	0.1863254999831
720	0.42266907784678
740	0.25416412672024
760	0.14359023444789
780	0.01135512407485
800	0.17868088107611
0.4	12	3.0766004657329
700	0.20897353474509
720	0.4181444311542
740	0.25686390207963
760	0.14278166825492
780	0.38723317105077
800	0.19920776647766
0.4	14	4.6082633262099
700	0.34942023687765
720	0.19708586685291
740	0.16574802353289
760	0.15560012786699
780	0.14530068067761
800	0.10444258453685
0.7	1	3.0201967005718
700	0.19160825589079
720	0.21476111765601
740	0.21215039043041
760	0.17307560743597
780	0.13025753677723
800	0.13783845468687
0.7	1.4	2.8425473190797
700	0.22931615957152
720	0.73142272982628
740	0.23136263707794
760	0.18155745179046
780	0.27973930537361
800	0.13080614340646
0.7	1.8	4.5388227821912
700	0.32208497617105
720	0.44367662512476
740	0.21524990425004
760	0.22615753880124
780	0.46881277426819
800	0.125300901705
0.7	2.2	4.9146124475172
700	0.34504902237969
720	0.31797988640724
740	0.229628641924
760	0.2554251429235
780	0.21535089995708
800	0.17201252584979
0.7	4	4.1632793594407
700	0.30050304671502
720	0.41401216228538
740	0.24087438256604
760	0.23759284893848
780	0.26445777586604
800	0.18859613202469
0.7	6	4.4940175815004
700	0.28661874384763
720	0.43722292199594
740	0.24380113183468
760	0.22884828049911
780	0.26045266677376
800	0.17226021573789
0.7	8	4.3773365320391
700	0.28052567362934
720	0.46381534866902
740	0.24516871923896
760	0.22705088607856
780	0.27505417243892
800	0.17061292146544
0.7	10	4.4554930643187
700	0.27727702246659
720	0.46176677960713
740	0.24681738182522
760	0.22114748531448
780	0.29966072455836
800	0.16655482416785
0.7	12	4.4979230947075
700	0.27532794929435
720	0.49003698988801
740	0.24160142803939
760	0.21919129192134
780	0.2849983081097
800	0.17858896698814
0.7	14	4.5609074306449
700	0.23679233023696
720	0.22201877733593
740	0.16449156220318
760	0.15016615669179
780	0.14313602820132
800	0.102766961479
1	1	2.7218674612275
700	0.21550664827431
720	0.2451789208029
740	0.20792810319697
760	0.2048742261474
780	0.13698595983359
800	0.14875298866402
1	1.4	3.1112768921823
700	0.24181565595
720	0.53603975119067
740	0.25984255479195
760	0.18361467170911
780	0.20677653101712
800	0.14862797187752
1	1.8	4.0597477241793
700	0.32544287518976
720	0.57699401919578
740	0.2654130179913
760	0.22213327478021
780	0.34479868295684
800	0.1540320672668
1	2.2	4.981494337763
700	0.41295299409953
720	0.32210267489454
740	0.26891344399595
760	0.28680617571469
780	0.18806186581231
800	0.18069395753765
1	4	4.4210316474197
700	0.36918118262346
720	0.36303058885419
740	0.27494416370157
760	0.27915530618644
780	0.21101195664764
800	0.19508250008715
1	6	4.5445794334792
700	0.35138503643175
720	0.38909488736359
740	0.27292696354502
760	0.27172388587144
780	0.22755345826736
800	0.19390034092144
1	8	4.5844955215048
700	0.3424993598554
720	0.39779282873529
740	0.27413340109639
760	0.26685458812239
780	0.22986402546921
800	0.19072222491822
1	10	4.5593203498974
700	0.33729924485945
720	0.4029092504438
740	0.27467815813914
760	0.26355927352454
780	0.2256908582031
800	0.18883306821118
1	12	4.5236760537582
700	0.33393260592543
720	0.40745025832858
740	0.28095075733065
760	0.26121596041873
780	0.22848486185467
800	0.18793584233284
1	14	4.5318111240271
700	0.3757126650978
720	0.19925403860148
740	0.16597549155245
760	0.15673657685068
780	0.14500886295593
800	0.10491047492582
1.5	1	3.1034817617766
700	0.2529325943112
720	0.28251948230809
740	0.20456437878693
760	0.24528218015394
780	0.14482351053951
800	0.16119203614736
1.5	1.4	3.4614073285128
700	0.26154183674893
720	0.41292557289282
740	0.29197000749686
760	0.18407190367073
780	0.17494475099302
800	0.17960354866705
1.5	1.8	3.9785155231131
700	0.32387530697063
720	0.47224381018717
740	0.32379342624237
760	0.20746149833842
780	0.229305905162
800	0.18682527746661
1.5	2.2	4.5950162596153
700	0.44657043528476
720	0.33121305326264
740	0.32929817176072
760	0.27132717381193
780	0.17648190827328
800	0.20826318501869
1.5	4	4.7101930960387
700	0.4148438662517
720	0.33194526214815
740	0.32767001792895
760	0.27379900426626
780	0.17913159734904
800	0.21626138753158
1.5	6	4.6815622803309
700	0.38911927969042
720	0.33944025953995
740	0.32730885682669
760	0.26755203274734
780	0.18288666631505
800	0.21880480703714
1.5	8	4.6416672474883
700	0.38491324695586
720	0.34296637422094
740	0.32737028175628
760	0.26402171667012
780	0.18492942077729
800	0.21983571329569
1.5	10	4.644666375046
700	0.37753190332704
720	0.34454514377024
740	0.32758108074878
760	0.26065679855042
780	0.18609814167954
800	0.22038799907627
1.5	12	4.6290561936756
700	0.37722172372838
720	0.34525174254199
740	0.32784025419844
760	0.26356844486096
780	0.18681797432533
800	0.22075328214522
1.5	14	4.6396170794072
700	0.51710036385987
720	0.23549362104008
740	0.16766102723806
760	0.16702785602585
780	0.15104109401649
800	0.1085697921726
2	1	3.6434371060577
700	0.28574131226442
720	0.30935963716346
740	0.20348508148391
760	0.26328909983616
780	0.1499077860767
800	0.16859669627309
2	1.4	3.7017766194686
700	0.30320081971814
720	0.36908924080095
740	0.31326498280562
760	0.1672215019016
780	0.16460642756883
800	0.2101138883333
2	1.8	4.1538621724036
700	0.32557888534701
720	0.39201870859324
740	0.36496067591446
760	0.19027727013589
780	0.19207785197364
800	0.2136528425932
2	2.2	4.4872888611435
700	0.43102988553446
720	0.33055257776101
740	0.37478845256316
760	0.24394253566731
780	0.17314682646688
800	0.23063952853653
2	4	4.7990608270057
700	0.57151351359809
720	0.32157794149613
740	0.36397085645434
760	0.22073715385738
780	0.17987286739243
800	0.27034001671749
2	6	5.3938027743781
700	0.34237217609639
720	0.31441734944062
740	0.37503561642614
760	0.24273643856605
780	0.17153879926284
800	0.24021437548425
2	8	4.564262626553
700	0.36191149238069
720	0.34010376784288
740	0.36246758746238
760	0.2398913465918
780	0.17109016843755
800	0.23816027285812
2	10	4.6380203740486
700	0.55855004059902
720	0.31849624618878
740	0.37270847959193
760	0.28429053848672
780	0.17825816315673
800	0.15343214849992
2	12	4.7518776363334
700	0.22690671135421
720	0.33022593071071
740	0.36559942171868
760	0.16770664733595
780	0.17164981447808
800	0.20601104947834
2	14	3.9231439819051
700	0.56155846668166
720	0.27989880831406
740	0.17225893200008
760	0.19731048842297
780	0.17657606890065
800	0.1211329264565
4	1	4.0852636732883
700	0.34530904352851
720	0.35571683312828
740	0.20563089668479
760	0.24523840930482
780	0.15838737609932
800	0.19061220286808
4	1.4	4.1028471106977
700	0.30396800556488
720	0.32164274510011
740	0.34341381229134
760	0.17449437293278
780	0.15607100661494
800	0.2496910148155
4	1.8	4.318279404997
700	0.31565416524435
720	0.30308938171115
740	0.42636425836193
760	0.16984664547441
780	0.15779805300912
800	0.26841978626441
4	2.2	4.5285823796118
700	0.35162312921913
720	0.29035696698902
740	0.45368566801036
760	0.18949919280879
780	0.17119191426436
800	0.28610645131893
4	4	4.8272481912728
700	0.33294195391445
720	0.29160187253381
740	0.43332906564989
760	0.18769290474608
780	0.14169216786428
800	0.28373737983163
4	6	4.628026257581
700	0.32162433379949
720	0.29197351734733
740	0.47831659030568
760	0.18415930268532
780	0.15210453187136
800	0.2999673394084
4	8	4.7823650225005
700	0.3156102417248
720	0.29222777470438
740	0.45021531393392
760	0.1816091254901
780	0.11227868401998
800	0.32945343034279
4	10	4.7627601186009
700	0.31221256274542
720	0.29245464022384
740	0.4030978529668
760	0.17986863371178
780	0.18500252590554
800	0.30362990755656
4	12	4.7965357452937
700	0.31016745165392
720	0.29265429312226
740	0.44177506147843
760	0.17865281847487
780	0.16256695995358
800	0.27610780717132
4	14	4.5892747670362
700	0.49456278327598
720	0.32120637337297
740	0.17486656226334
760	0.20695340277481
780	0.19449923652298
800	0.1303605797339
6	1	4.1187623224941
700	0.35340845879843
720	0.36783996245012
740	0.21653801553983
760	0.22216047690283
780	0.16287943858283
800	0.20125545218894
6	1.4	4.2063734767597
700	0.31231882099085
720	0.30891241920339
740	0.34937443972153
760	0.1688611330943
780	0.15128417495315
800	0.26531056198506
6	1.8	4.3916634271508
700	0.31176459023461
720	0.28468230438058
740	0.43864524604711
760	0.15626827073906
780	0.15183001294878
800	0.29006131891276
6	2.2	4.5823676704302
700	0.31996665052705
720	0.27639098353646
740	0.46280159279667
760	0.16682174925217
780	0.15685780647266
800	0.30561162687735
6	4	4.7488750801271
700	0.30068976141179
720	0.28371990177509
740	0.44380175703839
760	0.17431933148533
780	0.16196146594746
800	0.30577000017563
6	6	4.7172674913604
700	0.28944127117595
720	0.28838766743697
740	0.43475925818828
760	0.16828488074702
780	0.16483172707176
800	0.30926728986461
6	8	4.7050268324414
700	0.30677554472813
720	0.29106703498459
740	0.42996496891195
760	0.15578953040991
780	0.16644057657986
800	0.31105445662999
6	10	4.7496444367825
700	0.30861923555543
720	0.2927449684104
740	0.42704119026279
760	0.17136292748354
780	0.16746677582583
800	0.31145552095637
6	12	4.7868941620417
700	0.288049966919
720	0.29389845536296
740	0.42506412484605
760	0.16038282148291
780	0.1681883455432
800	0.307807824784
6	14	4.6902835003514
700	0.43998374056382
720	0.35582014114297
740	0.17690795149633
760	0.20904320007064
780	0.20662917502018
800	0.13761472309016
8	1	4.1277912463627
700	0.34972513123279
720	0.368617688647
740	0.22591578375873
760	0.20658331365301
780	0.16349842866518
800	0.21066039399475
8	1.4	4.2423709745414
700	0.31322138310514
720	0.30331240842524
740	0.35626678409847
760	0.16536558729126
780	0.15040497228175
800	0.27405325620001
8	1.8	4.4354160698611
700	0.30655276059711
720	0.26848353260152
740	0.44313933742229
760	0.15796205803534
780	0.14983011703554
800	0.30081328928701
8	2.2	4.6009242200035
700	0.29934008807575
720	0.27723378049935
740	0.4575395605876
760	0.16271023298992
780	0.15738041283175
800	0.31582417905212
8	4	4.7423682510792
700	0.31164584962257
720	0.272943937233
740	0.4310693996193
760	0.15884017875107
780	0.16448079482535
800	0.30853783192811
8	6	4.7105940350434
700	0.2448824893762
720	0.22245645811872
740	0.41867785762257
760	0.15747710185985
780	0.1678504755092
800	0.32036240059005
8	8	4.4834911097243
700	0.29441173835051
720	0.20046589061112
740	0.41219830144723
760	0.15748093011746
780	0.16973646252961
800	0.31185667939903
8	10	4.5266354657843
700	0.2487161447328
720	0.28533855120597
740	0.40824959601176
760	0.15783442442978
780	0.17097405639773
800	0.32535473632266
8	12	4.652249521874
700	0.27378415935918
720	0.32025536656249
740	0.40556765662063
760	0.15823010197191
780	0.17186405635016
800	0.30385790732119
8	14	4.6650154833061
700	0.41641237599429
720	0.38380411272569
740	0.17759585323626
760	0.20848219523818
780	0.20999435237962
800	0.14368983168582
10	1	4.166808161696
700	0.34557694122131
720	0.36690566309792
740	0.23500382097902
760	0.19591016508415
780	0.16270861810852
800	0.21676269376775
10	1.4	4.2546822525424
700	0.31275137161639
720	0.29050954308143
740	0.36221111520946
760	0.162535613053
780	0.14948931876683
800	0.2809613754836
10	1.8	4.4491915991519
700	0.30828147862764
720	0.2717941364573
740	0.44453317397927
760	0.15574700973901
780	0.14889029397619
800	0.30689883211868
10	2.2	4.6442281207368
700	0.30747017637329
720	0.29535287586313
740	0.44905122289753
760	0.15822095836005
780	0.16660140574669
800	0.31465617685757
10	4	4.8105659994226
700	0.30424880953483
720	0.31156728191352
740	0.41719750041323
760	0.15566344446137
780	0.16612066179196
800	0.31643723654796
10	6	4.7998971683697
700	0.31319445963157
720	0.33775390509219
740	0.40307680012879
760	0.15629378707091
780	0.18330118556747
800	0.29756014833813
10	8	4.8095234361061
700	0.32225783875969
720	0.38814925785819
740	0.39585598033138
760	0.1575761200091
780	0.18418875300228
800	0.32957723608063
10	10	5.1292801514396
700	0.31960320299634
720	0.39734699527242
740	0.39147245127374
760	0.15867496038854
780	0.16555695348308
800	0.2969314143767
10	12	4.871739477064
700	0.32780298364675
720	0.27652929364854
740	0.38848646266253
760	0.15952003835149
780	0.16842746144987
800	0.30521707426546
10	14	4.7063084171561
