700	0.29175814337148
720	0.39128247438224
740	0.37008275813339
760	0.19183351153623
780	0.26650268236097
800	0.20710017617419
0.1	1	4.625876983738
700	0.47716358698032
720	0.17933673918748
740	0.28760656757258
760	0.23147297795572
780	0.15137852758332
800	0.086254314858826
0.1	1.4	3.5370204371664
700	0.22548673019332
720	0.26551025601633
740	0.13924659986249
760	0.32662632293188
780	0.14630520232232
800	0.13249234837281
0.1	1.8	3.2346775463952
700	0.15237888371678
720	0.20248304975846
740	0.21301927208678
760	0.1378739479101
780	0.10703497763064
800	0.13401559966235
0.1	2.2	2.5412602661319
700	0.32186078093752
720	0.21954726655996
740	0.12776305018205
760	0.20335085470454
780	0.32425051900844
800	0.075248975924246
0.1	4	3.4857906367818
700	0.19042657869356
720	0.28448799136614
740	0.22795411015454
760	0.11745084490988
780	0.25629955977613
800	0.099481482092388
0.1	6	3.1278972478651
700	0.16366353843936
720	0.33382370767744
740	0.22749016628166
760	0.10245493611673
780	0.25166550477211
800	0.12804209072244
0.1	8	3.2837661882877
700	0.15951416943254
720	0.30533370997099
740	0.29321094663107
760	0.0962935172551
780	0.22717853277583
800	0.16566230552285
0.1	10	3.4253829039744
700	0.16043005563685
720	0.27366792800209
740	0.29627067243571
760	0.090761701426552
780	0.20858612605026
800	0.20651671545315
0.1	12	3.5391442989793
700	0.16268060210538
720	0.25051383793145
740	0.38512507887555
760	0.092673480728033
780	0.19576564356073
800	0.24346384341299
0.1	14	3.7898866309406
700	0.21549745270782
720	0.34305496795067
740	0.21912321107002
760	0.16065675160297
780	0.24907181251644
800	0.14459813532521
0.4	1	3.6285640555906
700	0.24967200591132
720	0.16886507048724
740	0.19396379626499
760	0.17055314608677
780	0.12480930949574
800	0.095674045941672
0.4	1.4	2.6115740376654
700	0.34275183852461
720	0.24523396533528
740	0.16322181785631
760	0.16148995974513
780	0.16749353528391
800	0.11988808730236
0.4	1.8	3.2799348754138
700	0.71104532804006
720	0.24772845032417
740	0.22106444346431
760	0.26782846315324
780	0.12365834293193
800	0.16913042962316
0.4	2.2	4.7251930266318
700	0.49063837529617
720	0.21166204531286
740	0.1892295054925
760	0.49852162920495
780	0.12460371571373
800	0.10158560269479
0.4	4	3.963613946505
700	0.41309067966942
720	0.29071306121351
740	0.16907311159301
760	0.55054427702973
780	0.20262004000928
800	0.10453481545568
0.4	6	4.2646545269661
700	0.36611770996577
720	0.34729561201127
740	0.16754757178332
760	0.53961473682283
780	0.21623947797404
800	0.11011352443058
0.4	8	4.3092376524887
700	0.34662810036257
720	0.35604316308897
740	0.17714429151035
760	0.52974991368711
780	0.17501260568621
800	0.12369831567791
0.4	10	4.2014843041429
700	0.37123734502454
720	0.35302502036776
740	0.17992605248978
760	0.52299831665996
780	0.16592052946804
800	0.13895255087628
0.4	12	4.3175427906193
700	0.33600416786604
720	0.35729874027741
740	0.19946885936585
760	0.51835234005874
780	0.15375543501375
800	0.14466112362382
0.4	14	4.2333841714505
700	0.19857278437819
720	0.19668895433299
740	0.19293146785527
760	0.15092213605319
780	0.12396473885212
800	0.095584683672045
0.7	1	2.4852584546498
700	0.27165959467364
720	0.18331711563568
740	0.36211480792523
760	0.16545290219786
780	0.12540226293874
800	0.1392762763233
0.7	1.4	3.1705609083875
700	0.33010947003916
720	0.25736084432209
740	0.24180647024804
760	0.1730748558326
780	0.17869113528315
800	0.12802490762709
0.7	1.8	3.4751481526896
700	0.34382194521036
720	0.2759854377503
740	0.25784838478805
760	0.18001734304094
780	0.1500296619744
800	0.19284226587092
0.7	2.2	3.8745860322073
700	0.49583807692043
720	0.19603918179479
740	0.30406988690477
760	0.30125994303453
780	0.13370162293959
800	0.14920146224919
0.7	4	4.0804629905978
700	0.54317899574824
720	0.26033005638143
740	0.29589550686227
760	0.29827387864782
780	0.18481102261129
800	0.14100625600368
0.7	6	4.4654023199154
700	0.54075260475843
720	0.323603793485
740	0.33675347698293
760	0.28909167156718
780	0.24338805982024
800	0.13930385800603
0.7	8	4.8231840377663
700	0.53847431602612
720	0.30395946394764
740	0.29545104832675
760	0.284143161805
780	0.18502339013637
800	0.15959259427401
0.7	10	4.6307034037293
700	0.53678555834333
720	0.28959469251802
740	0.30490723404958
760	0.28092634950284
780	0.15902843854931
800	0.13707719175262
0.7	12	4.3727357610126
700	0.53552120887679
720	0.28714722663689
740	0.30616297497885
760	0.27861615330945
780	0.14769231118443
800	0.10627872995797
0.7	14	4.1340348806823
700	0.19504641944468
720	0.16897354431466
740	0.18843666355761
760	0.14792952504941
780	0.10044104773303
800	0.084025454593137
1	1	2.2532606381651
700	0.29074640491347
720	0.19737075618896
740	0.53845528742834
760	0.16943156449019
780	0.1318759119924
800	0.25657849596825
1	1.4	4.2146040414791
700	0.33721044445045
720	0.26637434236121
740	0.34872496897576
760	0.18885593206016
780	0.18290833079721
800	0.13647530809424
1	1.8	3.7391892974869
700	0.29683065399823
720	0.30907248651266
740	0.29328590588944
760	0.177037856955
780	0.17128850799382
800	0.18891713034906
1	2.2	3.8998738934345
700	0.40553016464783
720	0.21019617157319
740	0.41029454605577
760	0.26522936726221
780	0.14099806109001
800	0.18205204012176
1	4	4.1493167557123
700	0.3789212193674
720	0.25300131615357
740	0.38565237359329
760	0.23848668454342
780	0.18277459196927
800	0.16148479777856
1	6	4.1108853600838
700	0.35974050520237
720	0.31773984902112
740	0.3799104821156
760	0.2279010819398
780	0.21956975222559
800	0.15638446768365
1	8	4.2650005607419
700	0.35171184556404
720	0.3383693368529
740	0.37951010427158
760	0.22161250612718
780	0.22980847496675
800	0.15558931058106
1	10	4.3052487550034
700	0.34747549877275
720	0.32095547810541
740	0.37792927838924
760	0.21079898516869
780	0.211318525253
800	0.15626320893675
1	12	4.1752022028148
700	0.34395321500731
720	0.29476830191752
740	0.37930030523143
760	0.21587236286753
780	0.18101859196716
800	0.15746493567116
1	14	4.0202927400213
700	0.19880096231045
720	0.20505939688747
740	0.19427833741592
760	0.15064203438465
780	0.13068646697941
800	0.098617546418592
1.5	1	2.5467894813573
700	0.3095067697087
720	0.20966671740619
740	0.51358967174871
760	0.17967541684974
780	0.1327119452532
800	0.46036833483942
1.5	1.4	5.5203748942137
700	0.35589459323023
720	0.27394382678714
740	0.42870462128188
760	0.21299736667337
780	0.19214931655441
800	0.14594900421439
1.5	1.8	4.0381297191368
700	0.29193507026798
720	0.33214774903953
740	0.32787923751211
760	0.18980671269787
780	0.19685069480475
800	0.18054470188963
1.5	2.2	4.0383118380398
700	0.38593045213939
720	0.23605905648219
740	0.41549038915472
760	0.25795540232628
780	0.15522624024059
800	0.20044135965469
1.5	4	4.3034609677157
700	0.33212399769127
720	0.25811345508032
740	0.40023772330517
760	0.2410001552416
780	0.17470201254951
800	0.17485777385414
1.5	6	4.0626037656358
700	0.29528190628633
720	0.30409187324446
740	0.39972373474511
760	0.22875662787708
780	0.20548955499044
800	0.18322402068559
1.5	8	4.191980673498
700	0.27724570577116
720	0.34722657697231
740	0.39136775404062
760	0.2166124568761
780	0.23207246275544
800	0.16497969435955
1.5	10	4.1828055307084
700	0.27802988503281
720	0.37534319502287
740	0.39218481083536
760	0.21429862408383
780	0.25072518695044
800	0.1592954133944
1.5	12	4.2721432221303
700	0.27304263766791
720	0.38885519011861
740	0.37824141974263
760	0.20595505547322
780	0.26276847254514
800	0.15673990970087
1.5	14	4.2820584065433
700	0.20605708715137
720	0.2748343590878
740	0.20590794764603
760	0.15536697689237
780	0.18882538658863
800	0.059882064037353
2	1	2.7059827136467
700	0.32083456853511
720	0.23332574485689
740	0.47335102350656
760	0.19040625823748
780	0.13568180423028
800	0.40621098688007
2	1.4	5.2508284686976
700	0.37156825351699
720	0.27711540985816
740	0.4016340211854
760	0.23227691799936
780	0.19253463403762
800	0.14759600795694
2	1.8	4.0993656778093
700	0.3037888405446
720	0.33771192756534
740	0.32397188701971
760	0.20932621606149
780	0.20705817505654
800	0.18909502982599
2	2.2	4.1998723665789
700	0.3796039355849
720	0.25191703233548
740	0.38752023625071
760	0.26477103614783
780	0.16457569637376
800	0.2021984633667
2	4	4.3388774504633
700	0.35983653425764
720	0.25942683061276
740	0.37789471372939
760	0.27154146766431
780	0.17014794401149
800	0.053663353377188
2	6	3.4151313543307
700	0.31014945816023
720	0.28466429944373
740	0.37084857976874
760	0.26947061152689
780	0.18324253005754
800	0.21369120918622
2	8	4.3321275334858
700	0.29271625243999
720	0.31035599919582
740	0.3646693522932
760	0.24253881574877
780	0.19261496057308
800	0.15942615495079
2	10	3.9863348812808
700	0.24546730066364
720	0.33219879776015
740	0.36110324497242
760	0.2410069009095
780	0.20342219945388
800	0.069340356624223
2	12	3.3810911356603
700	0.27720969301292
720	0.34973771418526
740	0.35512739067944
760	0.24526447486268
780	0.20987596657089
800	0.12681945856742
2	14	3.879394376892
700	0.23763204663339
720	0.4414662068956
740	0.25797486661692
760	0.173072603529
780	0.33000579387404
800	0.1851971925542
4	1	4.4990581013497
700	0.34595427880986
720	0.27006146097736
740	0.39751744370257
760	0.21965702976206
780	0.14072258557931
800	0.22811314954931
4	1.4	4.2887948956618
700	0.39463925840073
720	0.27882271280885
740	0.31308996548288
760	0.27281989564445
780	0.18373545042438
800	0.17121850278394
4	1.8	4.2385907706371
700	0.33947716939182
720	0.31786416997179
740	0.29524958217638
760	0.24961833191064
780	0.20262449041118
800	0.15696159257902
4	2.2	4.0816509114102
700	0.36189779249339
720	0.25947448987851
740	0.34663840387392
760	0.25744541600497
780	0.17414149498134
800	0.15139069981567
4	4	3.9667254151903
700	0.44592268187185
720	0.25156005703546
740	0.34448859854853
760	0.28811691897889
780	0.1622700045238
800	0.15596746065977
4	6	4.2236596091048
700	0.45170308667605
720	0.25439379177097
740	0.29184159618345
760	0.28995210001937
780	0.14222075328221
800	0.15368223236263
4	8	4.0978724635817
700	0.43610820380556
720	0.25693605095026
740	0.33995746475007
760	0.28522831797377
780	0.17565092620824
800	0.17098281698228
4	10	4.3355136645362
700	0.41987710519364
720	0.25838375082926
740	0.32187704811027
760	0.2804743060797
780	0.1542410336141
800	0.15408217793486
4	12	4.0823521515743
700	0.40671945278111
720	0.25912935689663
740	0.27342701401625
760	0.27661407905052
780	0.17094311304079
800	0.16976160823039
4	14	4.1351237056965
700	0.2567432826196
720	0.43872243131976
740	0.29993766531237
760	0.18301284566821
780	0.3146048930792
800	0.20387605742079
6	1	4.6746633385271
700	0.36092267679046
720	0.28205540710513
740	0.36547730123821
760	0.238730727667
780	0.14575474508097
800	0.19172539023295
6	1.4	4.1452215244113
700	0.398018461581
720	0.2759504105959
740	0.29591181467211
760	0.28655185524158
780	0.17830343294248
800	0.16432630522041
6	1.8	4.1826674888385
700	0.35451918540039
720	0.29981828621133
740	0.28677250757802
760	0.26689487580482
780	0.19300914155646
800	0.14860551273957
6	2.2	4.0207036850785
700	0.34889571167728
720	0.25267229620899
740	0.33522406634241
760	0.2554265800852
780	0.16451540348008
800	0.15151606024996
6	4	3.8644570494306
700	0.36773725295899
720	0.24675670304782
740	0.33195425136368
760	0.26572381133713
780	0.28502897620806
800	0.14691548886756
6	6	4.3240059064048
700	0.34853727003408
720	0.24941139546182
740	0.32700275805781
760	0.28192285582394
780	0.15734302626611
800	0.14775235994878
6	8	3.842315309034
700	0.33204168857068
720	0.2512021738889
740	0.33233489551696
760	0.24244277716298
780	0.15675569896775
800	0.14950221540211
6	10	3.7480438948065
700	0.32134461729501
720	0.252036340882
740	0.3347591423633
760	0.25176689788381
780	0.14537732087265
800	0.14882178596775
6	12	3.6929091194573
700	0.31393450564178
720	0.25237725042407
740	0.33381787141941
760	0.24829282346282
780	0.15591438656129
800	0.14982949398604
6	14	3.7094819142732
700	0.29173671309436
720	0.41282105746532
740	0.33108204711205
760	0.18854939564946
780	0.28710832003424
800	0.20779849185237
8	1	4.694280910891
700	0.3693709013035
720	0.28388900823527
740	0.34640216176006
760	0.25274328789558
780	0.14833836074986
800	0.17597530497153
8	1.4	4.0864568520291
700	0.39801790977885
720	0.26918751028477
740	0.28830977824339
760	0.29321222821052
780	0.17489258019922
800	0.15610312987344
8	1.8	4.1083639543572
700	0.35563099015506
720	0.29160285344686
740	0.28368702702451
760	0.2750027717436
780	0.18633452999679
800	0.14413255961482
8	2.2	3.965676304685
700	0.34727494629453
720	0.25045927109861
740	0.3300785166846
760	0.26192224926766
780	0.16090911989978
800	0.14571141594361
8	4	3.8116036839793
700	0.33812458680119
720	0.24411014382399
740	0.32660756880203
760	0.2607627518876
780	0.15598097409069
800	0.15023604793525
8	6	3.7761043360896
700	0.33194224688011
720	0.22542345672948
740	0.32840009227875
760	0.25441262728905
780	0.15510613246286
800	0.14688042280104
8	8	3.6883428344686
700	0.34245443106998
720	0.25441654636366
740	0.33156011775488
760	0.24966697980405
780	0.15457401934825
800	0.15399648646415
8	10	3.8148685552749
700	0.27447650114864
720	0.29234646578667
740	0.33431081865578
760	0.24639347270784
780	0.15414291258479
800	0.15847610079243
8	12	3.722467546259
700	0.36422210752343
720	0.32913482076337
740	0.33653999591449
760	0.24406404267875
780	0.15378903943462
800	0.16173168122782
8	14	4.0706494382077
700	0.2918430757386
720	0.39127267928066
740	0.3521009682611
760	0.19183351150718
780	0.26794220267361
800	0.20700768301311
10	1	4.6084232219338
700	0.37766318945923
720	0.28090976588801
740	0.33337172379275
760	0.26282536757121
780	0.15068859994943
800	0.16704821730955
10	1.4	4.0589207658826
700	0.39526882925025
720	0.26732084080245
740	0.28456654563247
760	0.29628854474369
780	0.17311157487174
800	0.14813144882631
10	1.8	4.0424112952173
700	0.36056066238277
720	0.29201962552327
740	0.28278936363122
760	0.27925724636123
780	0.18238110714676
800	0.14132505409061
10	2.2	3.9553264867924
700	0.33372072817229
720	0.25497500422014
740	0.3269137066014
760	0.26333011555486
780	0.15999106202205
800	0.14333787894596
10	4	3.762963806818
700	0.3386999742187
720	0.31544323699614
740	0.32478667925336
760	0.25911837677026
780	0.16031387103008
800	0.1373646843429
10	6	3.8560211728879
700	0.30529071042555
720	0.33030895389504
740	0.32816402717831
760	0.25239271021577
780	0.17024744654171
800	0.11097936494129
10	8	3.6596186812353
700	0.30664950756374
720	0.28120913461625
740	0.33169715439094
760	0.2477189165913
780	0.1389875538054
800	0.11900325665045
10	10	3.4960960094171
700	0.23648701559769
720	0.3605272973231
740	0.33453706760562
760	0.24455086379114
780	0.10978479782241
800	0.15556808523089
10	12	3.5739959598781
700	0.24917123855708
720	0.29333594690939
740	0.33677576334214
760	0.24231200801817
780	0.14663965565345
800	0.15412091213306
10	14	3.5952554183433
