700	0.26285336296448
720	0.22681248247742
740	0.35560423422235
760	0.28231223200027
780	0.16240893566103
800	0.14897904297776
0.1	1	3.6138285056343
700	0.24269230251509
720	0.62205153169341
740	0.2055106491357
760	0.14845163320231
780	0.45308834527248
800	0.1543357638563
0.1	1.4	5.0311474604089
700	0.21698837280665
720	0.15312113558219
740	0.25624673681201
760	0.17790482651871
780	0.10685315532688
800	0.34207067924353
0.1	1.8	4.0079685049973
700	0.30904403557643
720	0.1705022900228
740	0.1719596774988
760	0.17110402255329
780	0.15999812714411
800	0.10904825041899
0.1	2.2	2.9652462992045
700	0.24920448796921
720	0.24722541077756
740	0.19448879242745
760	0.34231172935138
780	0.12682796678137
800	0.0806452541668
0.1	4	2.9746578679636
700	0.28416580409511
720	0.72436139548661
740	0.11245878014572
760	0.19242622445074
780	0.2556106338791
800	0.071242848789835
0.1	6	4.1029768448496
700	0.18059537273416
720	0.79050821788938
740	0.12180377179221
760	0.13294030651673
780	0.33736843896789
800	0.086693905170245
0.1	8	4.2427888762305
700	0.15334335454549
720	0.56970366985684
740	0.14737046108298
760	0.11580483949627
780	0.35844626382388
800	0.10230635138689
0.1	10	3.887049738447
700	0.1448467463816
720	0.4417323606589
740	0.16280257002279
760	0.10819864763757
780	0.39970521092662
800	0.12079542037038
0.1	12	3.8679443581452
700	0.14211600236265
720	0.37934466092158
740	0.17066102073546
760	0.10336139706341
780	0.45934922944923
800	0.13872100764623
0.1	14	4.0572556142485
700	0.20490413005089
720	0.15472506264014
740	0.25638038287563
760	0.19687854048665
780	0.11544106396238
800	0.082275786328455
0.4	1	2.4615573065852
700	0.21177354691336
720	0.20775446878419
740	0.16916357363094
760	0.14579272365375
780	0.098465680906011
800	0.097651336521564
0.4	1.4	2.4284327303298
700	0.25722635999204
720	0.78025201881783
740	0.21207663155112
760	0.16790876376563
780	0.50058097623177
800	0.13128245376233
0.4	1.8	5.4673527333692
700	0.34154540339936
720	0.39441837701919
740	0.23854436176601
760	0.18850232210032
780	0.28011723239864
800	0.1660306741213
0.4	2.2	4.4049144799894
700	0.33449869954303
720	0.18245399905293
740	0.45713580093908
760	0.20562299073524
780	0.19044130491931
800	0.36346723721529
0.4	4	5.128062596295
700	0.36892321911174
720	0.21420128764058
740	0.55274441773476
760	0.24216881718271
780	0.15766258623524
800	0.37938867495985
0.4	6	5.449689040802
700	0.24556809915758
720	0.28552703826958
740	0.5398260592096
760	0.18135891893739
780	0.24071828860712
800	0.38202624904811
0.4	8	5.4407787174298
700	0.2348332507288
720	0.3412515902527
740	0.53223353614904
760	0.16478485618017
780	0.34550535871965
800	0.38483753608566
0.4	10	5.880399190892
700	0.2310788451303
720	0.34019304361458
740	0.53036250173312
760	0.15926938219795
780	0.053030688824649
800	0.39427475322568
0.4	12	4.8630618821579
700	0.21223801619285
720	0.31138264040497
740	0.5312754092196
760	0.15705543613177
780	0.24830711420791
800	0.41389359332149
0.4	14	5.568294124017
700	0.1894588863822
720	0.13733253050647
740	0.16975897975076
760	0.16308690041026
780	0.10618988186019
800	0.069851819838685
0.7	1	2.1094054732432
700	0.33361516838193
720	0.24819874994585
740	0.18538395899863
760	0.17225668848273
780	0.15590933201374
800	0.10284497335461
0.7	1.4	3.1603464477412
700	0.3186372661501
720	0.35365157574961
740	0.22084913978566
760	0.18586111767715
780	0.27331878577219
800	0.12799192225293
0.7	1.8	3.9744750460297
700	0.3341395164632
720	0.3981791547674
740	0.19255175929343
760	0.21727804500358
780	0.29725001989286
800	0.11671309908934
0.7	2.2	4.1446511795618
700	0.30658614426463
720	0.52163111465343
740	0.27565871105792
760	0.22411143004671
780	0.42598867897347
800	0.14617880557723
0.7	4	5.0744046428012
700	0.36289562040792
720	0.52048701611213
740	0.21390713807258
760	0.24378721445055
780	0.47084893425619
800	0.10768784519707
0.7	6	5.1161162334403
700	0.25801152276946
720	0.55691305774836
740	0.21613570199897
760	0.18415604088321
780	0.58366940655258
800	0.10040988228604
0.7	8	5.1558148398873
700	0.22073254412719
720	0.54232137171765
740	0.21724143051764
760	0.16654877802496
780	0.56779879621797
800	0.10931374298079
0.7	10	4.988800093007
700	0.20565341596346
720	0.42723506555005
740	0.22115862738376
760	0.16201630701785
780	0.36690578793513
800	0.12357558614799
0.7	12	4.072957037564
700	0.19816960005124
720	0.38232804810402
740	0.22295649250474
760	0.1595609242077
780	0.26198373982012
800	0.095902354477591
0.7	14	3.4130469597799
700	0.18802390821152
720	0.14059072289286
740	0.15371775105114
760	0.15739395688543
780	0.1021576333442
800	0.067790774773048
1	1	2.0555770803506
700	0.52507281908648
720	0.24671613327041
740	0.19683585125616
760	0.22248559099369
780	0.1708337454444
800	0.10386061741455
1	1.4	3.8605524771839
700	0.38006682685697
720	0.28238592332136
740	0.22583286826254
760	0.20453978493337
780	0.18553258530173
800	0.13390426238828
1	1.8	3.7617541897461
700	0.35751098024799
720	0.25624725382892
740	0.19742325034486
760	0.2624965955123
780	0.20156465373581
800	0.11301858540737
1	2.2	3.6365751917992
700	0.41179275852365
720	0.33703691864144
740	0.26720293214124
760	0.30871374756844
780	0.23326126768546
800	0.12342192228986
1	4	4.297254194747
700	0.38164127901607
720	0.34408935026125
740	0.17868669338896
760	0.27483132471208
780	0.221388830799
800	0.087472546718373
1	6	3.7984154420872
700	0.28429682065007
720	0.34525952116649
740	0.17111047565974
760	0.20153394058569
780	0.20890757278108
800	0.084377135566757
1	8	3.3278989664178
700	0.25751824458856
720	0.35239976375629
740	0.16803217380337
760	0.1891977755392
780	0.18918742154084
800	0.084575471379646
1	10	3.1721745870655
700	0.24772106205456
720	0.36475015675309
740	0.17454872417755
760	0.18659120312284
780	0.19951713543883
800	0.085536296008041
1	12	3.2161796921784
700	0.24309191204554
720	0.38016655828446
740	0.16766821267243
760	0.18612785500452
780	0.22040699409313
800	0.086696995230788
1	14	3.307293862975
700	0.19081461350107
720	0.14209573146949
740	0.17439218110283
760	0.1656891819893
780	0.10577249737593
800	0.070464148280842
1.5	1	2.1353274016616
700	0.62122414565185
720	0.24270433370927
740	0.20694001092107
760	0.32857756210755
780	0.18180103778012
800	0.10885508460259
1.5	1.4	4.385987115563
700	0.39552119118219
720	0.26500894150258
740	0.2332247266587
760	0.23423239369099
780	0.16633606290576
800	0.14282338916389
1.5	1.8	3.8143260124625
700	0.45527878833157
720	0.22890765313322
740	0.21502639331077
760	0.33116753428397
780	0.18242950518955
800	0.12091823700568
1.5	2.2	3.9750985152374
700	0.66427891889741
720	0.21724009291854
740	0.28232122642238
760	0.46447650006225
780	0.15489865987575
800	0.13958146983337
1.5	4	4.8674411592011
700	0.53249355673535
720	0.19905497648275
740	0.17886775815876
760	0.53540586587746
780	0.13968492010025
800	0.087830449497844
1.5	6	4.0765217383928
700	0.31592861640763
720	0.19710911372288
740	0.16486757365564
760	0.24961726463874
780	0.1354682282828
800	0.082267074863916
1.5	8	2.9111561707568
700	0.29352119508527
720	0.19832679208754
740	0.16212231648145
760	0.21407313906881
780	0.13533355045925
800	0.081748964647573
1.5	10	2.7833061532748
700	0.2958621270595
720	0.2016001783037
740	0.16169912624256
760	0.21015744149958
780	0.13733168132145
800	0.082382997991745
1.5	12	2.8006152227239
700	0.30794870360479
720	0.20627404247735
740	0.16194563270402
760	0.21019443764785
780	0.14033952351594
800	0.083309688377648
1.5	14	2.8613911635042
700	0.19755454141952
720	0.14826813875906
740	0.21383845619312
760	0.18062218854217
780	0.11016132293976
800	0.075817023191564
2	1	2.2892993429999
700	0.55797832589584
720	0.23947692084044
740	0.21301188923089
760	0.38580187871762
780	0.18606491178416
800	0.11081736898038
2	1.4	4.3298297333051
700	0.33189306091322
720	0.26576667936572
740	0.2358605577694
760	0.25098256322916
780	0.16691833502986
800	0.14634629700176
2	1.8	3.6894805051405
700	0.44882908952938
720	0.2307610923551
740	0.23329095959566
760	0.35018237844609
780	0.18279016586217
800	0.12842259248225
2	2.2	4.0618648401727
700	0.53331883112811
720	0.19892694069259
740	0.30642677706956
760	0.44580065754884
780	0.14127300480204
800	0.1709322532873
2	4	4.5971641192776
700	0.58238756320335
720	0.17501410390381
740	0.19177304139904
760	0.53252473438595
780	0.12362070217488
800	0.10731050843581
2	6	4.2412366413528
700	0.41071829166605
720	0.17215254435894
740	0.17028574755112
760	0.5808907300985
780	0.12484488883315
800	0.092682449950214
2	8	3.7164074227904
700	0.33637376730757
720	0.17097124232157
740	0.16956047723189
760	0.44815225622597
780	0.12844606726034
800	0.091800431361937
2	10	3.2867594825348
700	0.41529826072133
720	0.18104106018829
740	0.16034208296547
760	0.34877003038606
780	0.13394214406043
800	0.095907043347662
2	12	3.399001225084
700	0.25931722166143
720	0.20133482642236
740	0.16669464222525
760	0.25837936414364
780	0.13114892288948
800	0.095806832460195
2	14	2.8422548009297
700	0.2280130436434
720	0.17481895390725
740	0.34523125580877
760	0.23614490152671
780	0.13047999457252
800	0.10198423493605
4	1	2.918016187955
700	0.42275615808225
720	0.23124212201406
740	0.22101480353644
760	0.33589398124183
780	0.19084722309777
800	0.1211290883487
4	1.4	3.9341013881543
700	0.31200696534725
720	0.27731977359639
740	0.24011346214566
760	0.2318769627271
780	0.18543698214118
800	0.16153710753681
4	1.8	3.7885426994741
700	0.37598064074676
720	0.25532526391092
740	0.26851452218773
760	0.30719708530563
780	0.20121094218064
800	0.14442281908083
4	2.2	4.0396928980235
700	0.27244667404659
720	0.23119543207691
740	0.36710228794138
760	0.28627974756283
780	0.17060513054223
800	0.25548073640166
4	4	4.3473463453104
700	0.2446383556465
720	0.21367823738303
740	0.48076803725485
760	0.24409153211853
780	0.16341850688811
800	0.27491078395525
4	6	4.3947745456191
700	0.25226090845211
720	0.24351019512662
740	0.51503021796256
760	0.23269268014726
780	0.20077893789361
800	0.23753798974617
4	8	4.4080268715722
700	0.25969631389118
720	0.27273167402189
740	0.4675343925032
760	0.22947194479014
780	0.21234839777387
800	0.20842505067895
4	10	4.2894319088165
700	0.2609979112194
720	0.29370558845642
740	0.45777954283677
760	0.2277948866224
780	0.22350013106596
800	0.22178393386831
4	12	4.4423344340377
700	0.25925422184529
720	0.30786195927545
740	0.45481092647934
760	0.22658543217183
780	0.23332875670817
800	0.17880865269902
4	14	4.2348759438066
700	0.24867879366426
720	0.19792186176425
740	0.37866150121777
760	0.2649383496358
780	0.1459581681492
800	0.12325403542347
6	1	3.2985256544328
700	0.38618954123765
720	0.22967650751914
740	0.22360040733463
760	0.30082387353298
780	0.1936598950565
800	0.1236673277653
6	1.4	3.7967857537741
700	0.32638208166038
720	0.2817927760278
740	0.23743223184311
760	0.23059579322961
780	0.19908160552393
800	0.15866587708531
6	1.8	3.8647166396423
700	0.36603249657974
720	0.27174532132641
740	0.27332312585405
760	0.28869600842727
780	0.21166731532679
800	0.15058706302233
6	2.2	4.0949306962856
700	0.24388696746102
720	0.30754808448599
740	0.34903728048866
760	0.25097014883761
780	0.22526554033579
800	0.2063459569354
6	4	4.238530905619
700	0.27841852797051
720	0.34202477855369
740	0.37551220089597
760	0.23113902689092
780	0.25513605267639
800	0.18400480464586
6	6	4.3785556918594
700	0.31410782542849
720	0.340696605728
740	0.34580173519102
760	0.23215394002698
780	0.2683041323647
800	0.16141120911244
6	8	4.3523989482618
700	0.31542429706319
720	0.32452552693506
740	0.32996198771432
760	0.23917186686777
780	0.27437937249844
800	0.14733175458183
6	10	4.2514834373654
700	0.33595528902746
720	0.31372135750491
740	0.32176555090574
760	0.23416392559232
780	0.27849906788381
800	0.14623996258849
6	12	4.2774702758726
700	0.31477664730821
720	0.30729429128854
740	0.31702351104561
760	0.23747521434389
780	0.28164002478227
800	0.14698717482377
6	14	4.2194986658978
700	0.25475937434441
720	0.21508907886174
740	0.37693631808209
760	0.2774227154053
780	0.15626654184244
800	0.13856601116348
8	1	3.4997415693469
700	0.36910293553777
720	0.22944064465501
740	0.224279780092
760	0.28408835732496
780	0.19499203183179
800	0.1267989987255
8	1.4	3.7442798023741
700	0.34034313086601
720	0.28526260055312
740	0.23686423216528
760	0.23440881366162
780	0.20784104070157
800	0.15714803724577
8	1.8	3.9394841131628
700	0.36344295377494
720	0.28106914982295
740	0.27482238437378
760	0.27905550013756
780	0.22101042908812
800	0.15105538153605
8	2.2	4.128743464988
700	0.24695895195387
720	0.37157554322846
740	0.32618617700376
760	0.23711652427667
780	0.26441544045703
800	0.17541311784074
8	4	4.2794311944716
700	0.31289852863548
720	0.33475962577974
740	0.32305728389775
760	0.24188294053184
780	0.26377151214399
800	0.15243661627744
8	6	4.2541226647406
700	0.37224058943422
720	0.29635721852311
740	0.30843377642379
760	0.25018282445114
780	0.25869701815433
800	0.13447195981644
8	8	4.212985511937
700	0.36123619800941
720	0.28559498959931
740	0.30230693187577
760	0.25096364108611
780	0.2589981594643
800	0.12469699091473
8	10	4.09505572467
700	0.3935597826052
720	0.25104024820236
740	0.29948202103322
760	0.2495057150013
780	0.26109186050474
800	0.13653841089728
8	12	4.1899247479216
700	0.3133031042062
720	0.18058677565377
740	0.29799935585062
760	0.24762356818911
780	0.26352715394016
800	0.11917533593817
8	14	3.7155596907496
700	0.26315534139707
720	0.22634339227627
740	0.36754609708488
760	0.28231223199186
780	0.16152675872041
800	0.14911823647519
10	1	3.6262048849347
700	0.35964806938032
720	0.23089082912636
740	0.22462953024866
760	0.27478807120117
780	0.19597288132293
800	0.1295337047063
10	1.4	3.7253203436686
700	0.35070120695583
720	0.28218329159618
740	0.23684887473944
760	0.23859051532558
780	0.21435848670318
800	0.15608666787399
10	1.8	3.986619233647
700	0.36354036866081
720	0.28213806373183
740	0.27338569613181
760	0.27494650051832
780	0.22610537709082
800	0.15110254763832
10	2.2	4.1411307123952
700	0.2605413320605
720	0.39804364116002
740	0.3120242267675
760	0.23460273018575
780	0.27270629722476
800	0.16113848131155
10	4	4.293556838696
700	0.34458180730825
720	0.37433055148968
740	0.30412224516129
760	0.2543030028473
780	0.24698151108117
800	0.14391435716517
10	6	4.3105568239544
700	0.38190403091737
720	0.26936508564113
740	0.29594250374883
760	0.26485434240385
780	0.23329114991083
800	0.12578543251334
10	8	4.0503776770988
700	0.3984735145683
720	0.26625712911035
740	0.29317383464628
760	0.26564535475482
780	0.24830270372515
800	0.10914621584515
10	10	4.0419330526689
700	0.42393258294654
720	0.26389365559944
740	0.29218140542115
760	0.26388018381099
780	0.22082544949196
800	0.13560955130899
10	12	4.1674874071417
700	0.40102830209431
720	0.21756977304859
740	0.2918189519065
760	0.26167775494125
780	0.23543586726306
800	0.1278943835596
10	14	4.0089741468503
