700	0.2928368647582
720	0.17125821009707
740	0.1878088852697
760	0.26640445526604
780	0.25003197161825
800	0.14098189400578
0.1	1	3.6170856415824
700	0.3836341047434
720	0.198384678326
740	0.17147163468591
760	0.5587663699348
780	0.13513474233673
800	0.10713082449468
0.1	1.4	3.7820853029746
700	0.22488746365109
720	0.31256449195004
740	0.15447971714084
760	0.13399041035028
780	0.24024392309038
800	0.11796770720517
0.1	1.8	3.2747321522233
700	0.18740537298282
720	0.22884935869118
740	0.21756859864121
760	0.14091323054404
780	0.16333883253871
800	0.21538575331376
0.1	2.2	3.4021019026391
700	0.62589650314252
720	0.20594865844045
740	0.24950243479727
760	0.30474373561961
780	0.098507801307325
800	0.17482529173763
0.1	4	4.4385717893026
700	0.51581365867026
720	0.17993899893032
740	0.13305825268894
760	0.49141611127462
780	0.12827140109037
800	0.073071103593716
0.1	6	3.7288810597577
700	0.31251755443781
720	0.27796391221668
740	0.10386372545692
760	0.31177164555509
780	0.20662860415392
800	0.07502712788963
0.1	8	3.3068336543803
700	0.20242781734072
720	0.36658999116085
740	0.10823827043099
760	0.23006659159359
780	0.25464482435973
800	0.086230371840079
0.1	10	3.2837434053094
700	0.16864154691455
720	0.39480818564275
740	0.12158819538716
760	0.18470171485816
780	0.24810532444618
800	0.097784879487051
0.1	12	3.232557604407
700	0.15628684876139
720	0.37832100116829
740	0.1198798471583
760	0.16124381589419
780	0.22298222562641
800	0.11298260771658
0.1	14	3.1243655772364
700	0.23699650387232
720	0.14089285571152
740	0.14198414739125
760	0.21315327544339
780	0.22963579321511
800	0.08992989951198
0.4	1	2.866692143844
700	0.24442340557127
720	0.16173406439789
740	0.3149709672152
760	0.1391115169868
780	0.12880548305906
800	0.10749884837086
0.4	1.4	2.7655369730162
700	0.68864718915989
720	0.22592880528248
740	0.22778358876353
760	0.44909432382357
780	0.15579769583656
800	0.1240631159539
0.4	1.8	4.770240958953
700	0.6141327884506
720	0.2581389643266
740	0.23668239720965
760	0.46693819808407
780	0.17285323119725
800	0.12751969685702
0.4	2.2	4.7470741085736
700	0.26904163571346
720	0.23858491420909
740	0.25358930877857
760	0.18482991181443
780	0.14882194856211
800	0.1811662563926
0.4	4	3.5126542484239
700	0.34505175465806
720	0.2704241405255
740	0.17578819624903
760	0.23162597815356
780	0.21521299368893
800	0.083503416733507
0.4	6	3.4213371147641
700	0.32792861262073
720	0.37243654707862
740	0.13096235113595
760	0.20674882887394
780	0.2661097851259
800	0.073874006802312
0.4	8	3.6083261718631
700	0.28029978891213
720	0.46543262959585
740	0.12264874848462
760	0.17768577984735
780	0.32247731073544
800	0.072529095709393
0.4	10	3.7982082814402
700	0.24642638656402
720	0.51651022137804
740	0.12298922387304
760	0.16377275795584
780	0.37298333372537
800	0.078074767181453
0.4	12	3.998408235657
700	0.22395096021367
720	0.4558535424755
740	0.12700082524137
760	0.15650353889789
780	0.344253021049
800	0.076406325596812
0.4	14	3.6898331435686
700	0.20125126909074
720	0.13287676843417
740	0.12962652425655
760	0.1520946461842
780	0.13478812431237
800	0.075922144670977
0.7	1	2.2053055394067
700	0.27077974939368
720	0.20629719060912
740	0.56561935888867
760	0.14907269257677
780	0.1451612820545
800	0.20466145747448
0.7	1.4	3.9079388276464
700	0.36653233055667
720	0.20891644043636
740	0.45322532205762
760	0.22269827574267
780	0.15181678667263
800	0.16123271968105
0.7	1.8	3.9300394294345
700	0.30583096458439
720	0.2366632029926
740	0.30818033707932
760	0.19429475478663
780	0.14545273184078
800	0.15424007341958
0.7	2.2	3.5213257995019
700	0.21353041925294
720	0.23067196799728
740	0.26077122075285
760	0.30108751179736
780	0.13272106478249
800	0.17809808137265
0.7	4	3.4654490651112
700	0.25007132656344
720	0.13217779355221
740	0.21362784371598
760	0.61933003201442
780	0.11170537152079
800	0.10049952408676
0.7	6	3.2955276845001
700	0.42829978655824
720	0.14068685573089
740	0.1635636236056
760	0.27713200835747
780	0.11149253836216
800	0.10928274897766
0.7	8	3.2381852116335
700	0.40988525325798
720	0.14746916357244
740	0.15131325831876
760	0.28377524358888
780	0.11955010805673
800	0.084299400117148
0.7	10	3.0727404347685
700	0.40826423573556
720	0.15939415462376
740	0.18549174152341
760	0.29854237786874
780	0.14666234077743
800	0.093350509966018
0.7	12	3.3119264601878
700	0.41127057627023
720	0.23341168181993
740	0.14549330648132
760	0.30768202262426
780	0.15963226264322
800	0.10193816720033
0.7	14	3.5363606250861
700	0.19292042533562
720	0.12814288637075
740	0.1276444203434
760	0.14009107207925
780	0.11631023958028
800	0.073429510464167
1	1	2.0678559339239
700	0.29038288244274
720	0.29736126806602
740	0.31847458799659
760	0.14835344722129
780	0.15285872810173
800	0.39355744774968
1	1.4	5.0176007164074
700	0.30200519224804
720	0.20064444971163
740	0.24560348597288
760	0.19920714971533
780	0.15274676722027
800	0.22587699343859
1	1.8	3.8287624907191
700	0.26692929774079
720	0.25333559092547
740	0.26333671093721
760	0.15986195875816
780	0.14970730048911
800	0.28884726862612
1	2.2	4.164350027675
700	0.18460957930454
720	0.23808002010588
740	0.53827435784741
760	0.16689372048796
780	0.14086564923862
800	0.18731938905784
1	4	3.6027494271764
700	0.19278263117766
720	0.15539004016889
740	0.22299912421245
760	0.18544270566016
780	0.11812173497909
800	0.12743687690008
1	6	2.6518341091087
700	0.33932840704509
720	0.14751873499745
740	0.21620951576394
760	0.27383563406876
780	0.11906557674357
800	0.1275104689045
1	8	3.1964338933975
700	0.33284156401938
720	0.14746065045669
740	0.21586501682332
760	0.43617315565064
780	0.1219135183361
800	0.12784241468554
1	10	3.461406298501
700	0.28729494552283
720	0.1561538473829
740	0.21827126365362
760	0.38796130906697
780	0.11986938913135
800	0.12808083153529
1	12	3.265872075786
700	0.26683385633361
720	0.17109747363032
740	0.21412706426223
760	0.35752696265473
780	0.13064149845097
800	0.12828741820876
1	14	3.2220282778662
700	0.2027955553263
720	0.12003228038055
740	0.13027312473815
760	0.1552327532775
780	0.14142883952279
800	0.076652358544287
1.5	1	2.2177658687073
700	0.30763321381355
720	0.45926993377806
740	0.22779573559586
760	0.14495715474093
780	0.16761942421462
800	0.32683160167216
1.5	1.4	4.9275513955349
700	0.28361467059518
720	0.24619249163628
740	0.19682094916019
760	0.19327253379337
780	0.16224126669544
800	0.14921492211168
1.5	1.8	3.3676089024481
700	0.26527189222586
720	0.38071683204155
740	0.20575125248973
760	0.15469499077508
780	0.18570198649831
800	0.27325010348424
1.5	2.2	4.3746928431204
700	0.20395960382958
720	0.24040264195236
740	0.28381293717572
760	0.14925106225482
780	0.1509534817729
800	0.58575608911348
1.5	4	5.7741498809721
700	0.18764745235201
720	0.19547630350809
740	0.32652099582056
760	0.15271507369509
780	0.14268626187418
800	0.16785784291266
1.5	6	3.1264403915381
700	0.22728010714759
720	0.18811160692783
740	0.28995806133795
760	0.17052075029131
780	0.14404741809316
800	0.1868937603418
1.5	8	3.3292490821263
700	0.28392223166218
720	0.1856386051422
740	0.29182403370088
760	0.20209675970492
780	0.14567976584167
800	0.19646312067686
1.5	10	3.6046448325553
700	0.30860105976061
720	0.18489372675175
740	0.29460572064523
760	0.24048584104142
780	0.14711315253634
800	0.2026452163865
1.5	12	3.7838053659323
700	0.28607476106281
720	0.18491275026543
740	0.2970154904924
760	0.2776674431073
780	0.14834456101586
800	0.20714704553695
1.5	14	3.8166910191575
700	0.22040429036595
720	0.13524000176773
740	0.13577292339059
760	0.18373289761601
780	0.18931867639991
800	0.049512419040511
2	1	2.3606554823837
700	0.315403559806
720	0.44459604313918
740	0.19940199391702
760	0.14287465344851
780	0.17869957283861
800	0.25550055985799
2	1.4	4.4875008145614
700	0.28715932222652
720	0.39437693484257
740	0.19608384305746
760	0.19655763259507
780	0.18199069629009
800	0.13743973388091
2	1.8	3.6847929761589
700	0.27966393507672
720	0.58546313343397
740	0.20135487833061
760	0.16059168608506
780	0.24723475135774
800	0.18415560051486
2	2.2	4.5186884407883
700	0.22169859072759
720	0.25096183167768
740	0.18454040878069
760	0.15152228251572
780	0.15412265135909
800	0.14948995123116
2	4	3.0884600101624
700	0.19957267670022
720	0.22708451759779
740	0.26641605527349
760	0.14937915931013
780	0.1593178502548
800	0.40791111435985
2	6	4.6628416501731
700	0.20224257973903
720	0.23152690876274
740	0.42778672437878
760	0.15264523427395
780	0.16307857090125
800	0.40918317359073
2	8	4.9061998779149
700	0.20598116824726
720	0.23401710363271
740	0.41777420543358
760	0.15983836876639
780	0.16435545375959
800	0.27409309777056
2	10	4.1055945801429
700	0.22180613516521
720	0.23588724109326
740	0.4100292964165
760	0.17859231084639
780	0.16462996429366
800	0.46072770542468
2	12	5.3109213098484
700	0.23217569283628
720	0.23741034004898
740	0.41098209994667
760	0.17583052777896
780	0.1644900301818
800	0.44819637062924
2	14	5.2635029565554
700	0.27184330803204
720	0.15611126707851
740	0.15939471931397
760	0.27050777361277
780	0.27920683279192
800	0.10952947593237
4	1	3.4116947555932
700	0.33063802140159
720	0.30329726466272
740	0.16937222527291
760	0.14291369534433
780	0.20734300062638
800	0.19753360145025
4	1.4	3.9554632222673
700	0.39077053784204
720	0.26805286924587
740	0.21150044147478
760	0.208554104844
780	0.29416500111251
800	0.12930010316652
4	1.8	4.1139992734794
700	0.43558996754181
720	0.26159001734377
740	0.20178061318865
760	0.18926541833296
780	0.46421229501568
800	0.1425665910075
4	2.2	4.8752857280155
700	0.25483291128014
720	0.21753837478355
740	0.15704969846252
760	0.15890541175398
780	0.19623101178047
800	0.099110025266462
4	4	2.9379302408003
700	0.27368668534935
720	0.38999617627842
740	0.17691361708111
760	0.1400274465782
780	0.22368722348771
800	0.12665333846517
4	6	3.6032917330174
700	0.29400408934077
720	0.28203128148947
740	0.20593137715115
760	0.1391520033632
780	0.14073639088982
800	0.11022169980835
4	8	3.0771212993085
700	0.3130591811073
720	0.21498149085603
740	0.21861927549854
760	0.14579256141651
780	0.13810874313319
800	0.13192745690286
4	10	3.1434817547155
700	0.32327684108389
720	0.18570954372127
740	0.18316391877117
760	0.15313610136126
780	0.11078637899337
800	0.093132170109567
4	12	2.7472964419016
700	0.3189669784849
720	0.1708055294266
740	0.19019557309543
760	0.15911220393086
780	0.13024955752682
800	0.056953473783606
4	14	2.5733888742508
700	0.28651380348996
720	0.16700943136518
740	0.17471223105878
760	0.28645972274645
780	0.27381875055441
800	0.12799907756589
6	1	3.6142876165201
700	0.35025292375996
720	0.27137140549624
740	0.16819725574112
760	0.14834555800776
780	0.20998150025477
800	0.18737409704636
6	1.4	3.9014159344688
700	0.52227416727656
720	0.2426609309162
740	0.22220892958944
760	0.22011551511587
780	0.29696697627449
800	0.13397274289806
6	1.8	4.5076041251143
700	0.70934933223388
720	0.23030464733558
740	0.20849524358976
760	0.21675355062949
780	0.35707218312157
800	0.1365151129211
6	2.2	5.2237082371272
700	0.27801862955715
720	0.18483408321862
740	0.15401791061147
760	0.1652370759566
780	0.16644337633279
800	0.10481307321345
6	4	2.8715770287665
700	0.78282621550501
720	0.22905467953429
740	0.1822190565609
760	0.19714901472649
780	0.14407797287828
800	0.12572304932494
6	6	4.5346110408392
700	0.16181577140613
720	0.20483286614521
740	0.20846546439486
760	0.27501031995752
780	0.13805401805956
800	0.12005744087577
6	8	2.82346046608
700	0.14962060011316
720	0.18617882280512
740	0.21990103420693
760	0.32364248103987
780	0.13486275019104
800	0.12343966035626
6	10	2.8552402514415
700	0.16658307601544
720	0.17495136900315
740	0.22439916351595
760	0.33094394810192
780	0.13268867163541
800	0.11297956738735
6	12	2.827030595458
700	0.17223769639394
720	0.167754987556
740	0.2260111725783
760	0.3444596629736
780	0.1310376079996
800	0.11050743520575
6	14	2.8320901850956
700	0.2805315199506
720	0.17107708948186
740	0.18082333167192
760	0.27886487447081
780	0.26033340461475
800	0.13693785250112
8	1	3.6063029783327
700	0.36311961216599
720	0.26119645972837
740	0.16848298360267
760	0.15420306582202
780	0.20955737462974
800	0.18392534727163
8	1.4	3.904930908444
700	0.59114676769691
720	0.23551582996548
740	0.22980280760785
760	0.22918520410171
780	0.27260087540597
800	0.13724603738493
8	1.8	4.6460925496491
700	0.80985203407972
720	0.21829608928613
740	0.21253327684623
760	0.23647530509486
780	0.29249887315408
800	0.13395291631516
8	2.2	5.2759179733544
700	0.36021912220934
720	0.18990736020089
740	0.1621723869052
760	0.191844845047
780	0.15272082436733
800	0.1134786416619
8	4	3.1740379744988
700	0.19676449690957
720	0.22810684376457
740	0.19997025216808
760	0.37346124363557
780	0.14394914483124
800	0.13778842154797
8	6	3.2537356581921
700	0.15765231448556
720	0.19263002644965
740	0.22204575063016
760	0.4231864635034
780	0.13639659994053
800	0.13356231304529
8	8	3.1275934913244
700	0.20378080392768
720	0.18781514785558
740	0.23087835300148
760	0.42546270753237
780	0.13168960240061
800	0.12906710559939
8	10	3.2196509588846
700	0.17408864373276
720	0.18477706316821
740	0.23476110462084
760	0.4245089077664
780	0.12838574339094
800	0.12191210614634
8	12	3.0767737466568
700	0.20431029388676
720	0.16843919012222
740	0.23654839702819
760	0.42323778607302
780	0.12590050023382
800	0.12182038948539
8	14	3.1200209857514
700	0.29373611916552
720	0.17119909438726
740	0.1813731557983
760	0.26640445528386
780	0.2521114286796
800	0.14084263046589
10	1	3.6181716014866
700	0.37461540989712
720	0.25702236332941
740	0.17014268073148
760	0.15999107591568
780	0.20939457728935
800	0.18309884539067
10	1.4	3.9352695195434
700	0.6041081921972
720	0.22696147762266
740	0.23517696579692
760	0.23658995266816
780	0.25526888800858
800	0.13899802107541
10	1.8	4.6329633190956
700	0.72371506888841
720	0.21503089295002
740	0.21565130534237
760	0.25237097106435
780	0.25965866345863
800	0.13306270435892
10	2.2	4.9310897806283
700	0.53451301161715
720	0.19825768392205
740	0.17106518071876
760	0.24308717176258
780	0.15109365495322
800	0.12365162794168
10	4	3.8401941621291
700	0.17890846226183
720	0.1877501482276
740	0.21071912812011
760	0.44472253039799
780	0.13999057541269
800	0.15748953479723
10	6	3.3584009010817
700	0.17556338135939
720	0.27040495623484
740	0.22622985969311
760	0.43274578880777
780	0.1285337032241
800	0.15257807179012
10	8	3.4461436105748
700	0.17437024745569
720	0.12839236046202
740	0.23273093700461
760	0.42939406382519
780	0.14194396890331
800	0.14716264586636
10	10	3.169966086675
700	0.14259249774259
720	0.22018928078771
740	0.23611341846729
760	0.42963703877878
780	0.14264324568934
800	0.1103199001979
10	12	3.0505635362674
700	0.113970472704
720	0.2091370360031
740	0.23803222334597
760	0.43055194383853
780	0.13564422722844
800	0.13548738132927
10	14	3.0780993406031
