700	0.19116657601619
720	0.26870549382905
740	0.046679116005708
760	0.099895725801056
780	0.19896986151878
800	0.09235373937357
0.1	0.18181818181818	2.5945378818886
700	0.23404909591751
720	0.2948767914888
740	0.29039060427869
760	0.16226055075956
780	0.17688761976827
800	0.099703550332863
0.1	0.36363636363636	3.1419371226476
700	0.41608147807094
720	0.38409311204729
740	0.14430236142273
760	0.20848219524844
780	0.21488945936466
800	0.14409719871852
0.1	0.54545454545455	4.1452522263705
700	0.5485111371206
720	0.24582591230706
740	0.3718499797945
760	0.27334282115413
780	0.19349186832067
800	0.12136693995589
0.1	0.63636363636364	4.4151861137113
700	0.3473432583513
720	0.30811918398794
740	0.35339496674018
760	0.26063800209504
780	0.1537886677572
800	0.18263370958368
0.1	0.72727272727273	4.1551895536558
700	0.29175814337148
720	0.39128247438224
740	0.37008275813339
760	0.19183351153623
780	0.26650268236097
800	0.20710017617419
0.1	0.81818181818182	4.625876983738
700	0.3596496474483
720	0.44135558374356
740	0.20546017403871
760	0.23306555196092
780	0.30995031114215
800	0.19371491164579
0.1	0.90909090909091	4.8613661420041
700	0.48363428856167
720	0.25287795142402
740	0.1962946483624
760	0.36982545835291
780	0.24122267518679
800	0.13958570162858
0.1	1	4.470887373563
700	0.26285336296448
720	0.22681248247742
740	0.35560423422235
760	0.28231223200027
780	0.16240893566103
800	0.14897904297776
0.1	1.0909090909091	3.6138285056343
700	0.38122921960808
720	0.3001817741815
740	0.20793319820481
760	0.16019819917859
780	0.24153539481853
800	0.23919158002492
0.1	1.2727272727273	4.5456958095504
700	0.17166367287594
720	0.26178145163753
740	0.098445731039459
760	0.10064458763061
780	0.18918262817947
800	0.089731635824098
0.4	0.18181818181818	2.5391675327734
700	0.22066409751922
720	0.23583341302216
740	0.23345269322244
760	0.14579904030067
780	0.12687947848426
800	0.10247229738557
0.4	0.36363636363636	2.7221778125483
700	0.5755247686162
720	0.24627521339635
740	0.17064129314893
760	0.17771205101926
780	0.15801735722316
800	0.11254378690352
0.4	0.54545454545455	3.9026312527209
700	0.35800221910968
720	0.21333229858298
740	0.51587163412909
760	0.18560002341397
780	0.13825728544684
800	0.12803661787943
0.4	0.63636363636364	3.679980359791
700	0.26222459688777
720	0.2104450063035
740	0.41558959069303
760	0.17182164509437
780	0.14250214103986
800	0.20574983310672
0.4	0.72727272727273	3.7412879775689
700	0.21549745270782
720	0.34305496795067
740	0.21912321107002
760	0.16065675160297
780	0.24907181251644
800	0.14459813532521
0.4	0.81818181818182	3.6285640555906
700	0.25077079569332
720	0.2902012569593
740	0.16734600707032
760	0.13561031269768
780	0.55550135422261
800	0.12055323693454
0.4	0.90909090909091	4.4691196100827
700	0.4065097180661
720	0.17486754716867
740	0.13305994805279
760	0.34828880290874
780	0.1543150784329
800	0.11545513554595
0.4	1	3.5186297216074
700	0.20490413005089
720	0.15472506264014
740	0.25638038287563
760	0.19687854048665
780	0.11544106396238
800	0.082275786328455
0.4	1.0909090909091	2.4615573065852
700	0.48996542539238
720	0.22591060675779
740	0.12467331806148
760	0.10693963141368
780	0.13916978054346
800	0.22247024120664
0.4	1.2727272727273	4.0419334743265
700	0.17293141106022
720	0.29896732527948
740	0.099030420365244
760	0.10021981071128
780	0.19257411355371
800	0.086586496189423
0.7	0.18181818181818	2.6119289840622
700	0.22433392131863
720	0.17830504195365
740	0.22446393817724
760	0.1439422774361
780	0.093241634326051
800	0.10217742739963
0.7	0.36363636363636	2.4781252726022
700	0.34942023687765
720	0.19708586685291
740	0.16574802353289
760	0.15560012786699
780	0.14530068067761
800	0.10444258453685
0.7	0.54545454545455	3.0201967005718
700	0.27962557177567
720	0.16813619365703
740	0.25457117828644
760	0.15349446747128
780	0.12331415311984
800	0.11187917315394
0.7	0.63636363636364	2.8349933932944
700	0.2471423438738
720	0.17700204096881
740	0.22009406531139
760	0.15783388931438
780	0.13856241824484
800	0.13026107374568
0.7	0.72727272727273	2.8915782994588
700	0.19857278437819
720	0.19668895433299
740	0.19293146785527
760	0.15092213605319
780	0.12396473885212
800	0.095584683672045
0.7	0.81818181818182	2.4852584546498
700	0.21719778991049
720	0.22215392463794
740	0.1539493093918
760	0.1073789352334
780	0.35347850993381
800	0.10478901064598
0.7	0.90909090909091	3.3492625538162
700	0.28350493534772
720	0.1726451031006
740	0.11813718287122
760	0.15273421001453
780	0.13550659992851
800	0.10866897337084
0.7	1	2.7092050098778
700	0.1894588863822
720	0.13733253050647
740	0.16975897975076
760	0.16308690041026
780	0.10618988186019
800	0.069851819838685
0.7	1.0909090909091	2.1094054732432
700	0.30130449347306
720	0.17943114937671
740	0.11138801727436
760	0.095312304304354
780	0.10309671034894
800	0.13029908738735
0.7	1.2727272727273	2.6842912541428
700	0.16804730977858
720	0.26202114744703
740	0.098666645921293
760	0.10039519478368
780	0.18837457198048
800	0.085584057621239
1	0.18181818181818	2.5011210934297
700	0.22647268616015
720	0.15816273330359
740	0.22280342339376
760	0.1441469587165
780	0.088812257917473
800	0.10207627295184
1	0.36363636363636	2.4247796817506
700	0.23679233023696
720	0.22201877733593
740	0.16449156220318
760	0.15016615669179
780	0.14313602820132
800	0.102766961479
1	0.54545454545455	2.7218674612275
700	0.26529844457198
720	0.20438685249398
740	0.16021258227488
760	0.14407234956059
780	0.12321180654295
800	0.10572152586125
1	0.63636363636364	2.6978739117162
700	0.24370073500065
720	0.16554688455357
740	0.15131587223338
760	0.15383489792302
780	0.13338274153818
800	0.10150744106157
1	0.72727272727273	2.5731674090995
700	0.19504641944468
720	0.16897354431466
740	0.18843666355761
760	0.14792952504941
780	0.10044104773303
800	0.084025454593137
1	0.81818181818182	2.2532606381651
700	0.21149576583655
720	0.22209295999961
740	0.15158344218985
760	0.10379498465728
780	0.093373275465358
800	0.10188175423361
1	0.90909090909091	2.3722930260824
700	0.25535538538095
720	0.15672073998188
740	0.11559612842561
760	0.11628643630566
780	0.13218832730249
800	0.10732125647129
1	1	2.5122085857435
700	0.18802390821152
720	0.14059072289286
740	0.15371775105114
760	0.15739395688543
780	0.1021576333442
800	0.067790774773048
1	1.0909090909091	2.0555770803506
700	0.24738109644562
720	0.1623006344804
740	0.10883340374989
760	0.094679871999299
780	0.099514350941853
800	0.10552872220265
1	1.2727272727273	2.3281474325789
700	0.17033374732055
720	0.18544416619602
740	0.099004171196584
760	0.10046636259503
780	0.18956536732956
800	0.086843373017095
1.5	0.18181818181818	2.3634569607221
700	0.22486945855648
720	0.13713457006575
740	0.22499477310181
760	0.14444134912996
780	0.095710840141903
800	0.10220424801772
1.5	0.36363636363636	2.4059591446593
700	0.3757126650978
720	0.19925403860148
740	0.16597549155245
760	0.15673657685068
780	0.14500886295593
800	0.10491047492582
1.5	0.54545454545455	3.1034817617766
700	0.28332142103799
720	0.23323069916058
740	0.2796950690163
760	0.15301282886086
780	0.12763260724627
800	0.11341191250349
1.5	0.63636363636364	3.0338129768188
700	0.24773503282229
720	0.13330760071293
740	0.23756882332656
760	0.15736896174596
780	0.1355118709193
800	0.13743543360887
1.5	0.72727272727273	2.8573898774067
700	0.19880096231045
720	0.20505939688747
740	0.19427833741592
760	0.15064203438465
780	0.13068646697941
800	0.098617546418592
1.5	0.81818181818182	2.5467894813573
700	0.21863427992237
720	0.23627722231619
740	0.15467925539715
760	0.10974905457827
780	0.39968274703528
800	0.1056341722204
1.5	0.90909090909091	3.5581637489357
700	0.29256969830299
720	0.16535846499487
740	0.11888985215467
760	0.16384803054262
780	0.13650170406221
800	0.10905675858519
1.5	1	2.7455791797301
700	0.19081461350107
720	0.14209573146949
740	0.17439218110283
760	0.1656891819893
780	0.10577249737593
800	0.070464148280842
1.5	1.0909090909091	2.1353274016616
700	0.31687918336195
720	0.18329775940043
740	0.11207772674483
760	0.097002959906151
780	0.10636646990872
800	0.13704973593498
1.5	1.2727272727273	2.7929826752143
700	0.1711663357685
720	0.26176662440064
740	0.098753362141144
760	0.099049242602989
780	0.19076274075314
800	0.088537159340102
2	0.18181818181818	2.5338501946861
700	0.22194312872952
720	0.20622023364504
740	0.22920883823941
760	0.14494051738281
780	0.10787451975117
800	0.10237532887678
2	0.36363636363636	2.5897160237822
700	0.51710036385987
720	0.23549362104008
740	0.16766102723806
760	0.16702785602585
780	0.15104109401649
800	0.1085697921726
2	0.54545454545455	3.6434371060577
700	0.31923658807953
720	0.209924451572
740	0.43858660265236
760	0.16896479977655
780	0.13281085359702
800	0.1227560482492
2	0.63636363636364	3.3873676187564
700	0.25489873784521
720	0.19140477574797
740	0.34809974596392
760	0.16458748199459
780	0.13858176715109
800	0.18113911100944
2	0.72727272727273	3.4221687308605
700	0.20605708715137
720	0.2748343590878
740	0.20590794764603
760	0.15536697689237
780	0.18882538658863
800	0.059882064037353
2	0.81818181818182	2.7059827136467
700	0.23302591277213
720	0.2622481100193
740	0.16074579582561
760	0.12130922881892
780	0.55135235321859
800	0.11272372858671
2	0.90909090909091	4.2668351481691
700	0.3531691927658
720	0.16675589869298
740	0.12541949881638
760	0.25751021281998
780	0.14635302461395
800	0.097501014270301
2	1	3.0510659836868
700	0.19755454141952
720	0.14826813875906
740	0.21383845619312
760	0.18062218854217
780	0.11016132293976
800	0.075817023191564
2	1.0909090909091	2.2892993429999
700	0.42293180378135
720	0.20046702658279
740	0.1179659215755
760	0.10159431772988
780	0.12139354461847
800	0.18540465241639
2	1.2727272727273	3.492763959141
700	0.18127901181027
720	0.26228421636456
740	0.097649034349883
760	0.10067211238703
780	0.19447853046602
800	0.089524090171112
4	0.18181818181818	2.5843923628933
700	0.21872073411942
720	0.29040587135472
740	0.24362112336928
760	0.14871976508066
780	0.18557396053667
800	0.10175645605425
4	0.36363636363636	3.0521804002186
700	0.56155846668166
720	0.27989880831406
740	0.17225893200008
760	0.19731048842297
780	0.17657606890065
800	0.1211329264565
4	0.54545454545455	4.0852636732883
700	0.45688665522059
720	0.22196147500442
740	0.49868315363821
760	0.22529363807345
780	0.1524129993206
800	0.13046267052013
4	0.63636363636364	4.0899338418511
700	0.28312104276659
720	0.25683257892178
740	0.45882428007615
760	0.1946654727189
780	0.148770337901
800	0.21844180428107
4	0.72727272727273	4.0870975123309
700	0.23763204663339
720	0.4414662068956
740	0.25797486661692
760	0.173072603529
780	0.33000579387404
800	0.1851971925542
4	0.81818181818182	4.4990581013497
700	0.29518320533808
720	0.35742470420452
740	0.18536375167327
760	0.17493890059985
780	0.46015263102868
800	0.14218341249423
4	0.90909090909091	4.6102544912561
700	0.48843742230349
720	0.19861476375134
740	0.15631693240988
760	0.4593492571479
780	0.18455715816529
800	0.12445454431638
4	1	4.178498417283
700	0.2280130436434
720	0.17481895390725
740	0.34523125580877
760	0.23614490152671
780	0.13047999457252
800	0.10198423493605
4	1.0909090909091	2.918016187955
700	0.50093241240235
720	0.27823170297513
740	0.14397856956207
760	0.12337365922351
780	0.18591135252955
800	0.26306559888898
4	1.2727272727273	4.6460486768628
700	0.18360884073776
720	0.26456926827629
740	0.097062526702419
760	0.10047121504682
780	0.19659045614998
800	0.091906009564767
6	0.18181818181818	2.6166898798772
700	0.22196499508401
720	0.30658686978988
740	0.2520763830508
760	0.15327311893388
780	0.21748873372325
800	0.10161877075159
6	0.36363636363636	3.2263840259361
700	0.49456278327598
720	0.32120637337297
740	0.17486656226334
760	0.20695340277481
780	0.19449923652298
800	0.1303605797339
6	0.54545454545455	4.1187623224941
700	0.5264096780286
720	0.23122634113341
740	0.42532709612807
760	0.25493031441217
780	0.1686287600442
800	0.12681931626577
6	0.63636363636364	4.3016696441556
700	0.30895524531101
720	0.28953991924797
740	0.42666214861371
760	0.22103735263427
780	0.15231382362009
800	0.20463805620649
6	0.72727272727273	4.1607351111204
700	0.2567432826196
720	0.43872243131976
740	0.29993766531237
760	0.18301284566821
780	0.3146048930792
800	0.20387605742079
6	0.81818181818182	4.6746633385271
700	0.33324940866532
720	0.40866057174998
740	0.20331177617449
760	0.20832356972845
780	0.38018181788875
800	0.16514985007584
6	0.90909090909091	4.7539163191009
700	0.50516096452818
720	0.22433372951494
740	0.18210257980849
760	0.43556964549933
780	0.21171246083977
800	0.13193870959863
6	1	4.413849311067
700	0.24867879366426
720	0.19792186176425
740	0.37866150121777
760	0.2649383496358
780	0.1459581681492
800	0.12325403542347
6	1.0909090909091	3.2985256544328
700	0.44679699617155
720	0.29997673850532
740	0.16171704248824
760	0.14157304456747
780	0.22389354829516
800	0.25935706865694
6	1.2727272727273	4.7026805358852
700	0.15035226408028
720	0.26653660046807
740	0.096801102337073
760	0.10018864547208
780	0.19796873847761
800	0.092205594769135
8	0.18181818181818	2.5319830026184
700	0.20217960050856
720	0.30273228563568
740	0.25703319944257
760	0.15787632066149
780	0.1997429101117
800	0.10079234681267
8	0.36363636363636	3.1072619697142
700	0.43998374056382
720	0.35582014114297
740	0.17690795149633
760	0.20904320007064
780	0.20662917502018
800	0.13761472309016
8	0.54545454545455	4.1277912463627
700	0.54606730198429
720	0.23894387179787
740	0.38088483618427
760	0.26828194841524
780	0.18208107618907
800	0.12360114674826
8	0.63636363636364	4.3694697517506
700	0.31494623255371
720	0.3027442559163
740	0.39293571671024
760	0.24272759429339
780	0.15344734746009
800	0.19192609878594
8	0.72727272727273	4.1261752500573
700	0.29173671309436
720	0.41282105746532
740	0.33108204711205
760	0.18854939564946
780	0.28710832003424
800	0.20779849185237
8	0.81818181818182	4.694280910891
700	0.34809862655814
720	0.43239438864969
740	0.21588631970313
760	0.22494469431159
780	0.3368172799963
800	0.18162106752216
8	0.90909090909091	4.8324855058542
700	0.5072845333688
720	0.24271879311824
740	0.20151460777951
760	0.39803184350525
780	0.22953297640535
800	0.13661638621234
8	1	4.5111265769639
700	0.25475937434441
720	0.21508907886174
740	0.37693631808209
760	0.2774227154053
780	0.15626654184244
800	0.13856601116348
8	1.0909090909091	3.4997415693469
700	0.42499335941632
720	0.30138473469952
740	0.1699270208865
760	0.15376924737672
780	0.23856384420881
800	0.24851727887277
8	1.2727272727273	4.660898051174
700	0.19146673010663
720	0.26890480466339
740	0.094486428718479
760	0.099895725801181
780	0.20932654922289
800	0.092449866387797
10	0.18181818181818	2.6928168691199
700	0.2343927762243
720	0.29438524391187
740	0.25966283238409
760	0.16226055076055
780	0.17973082336031
800	0.099992196104468
10	0.36363636363636	3.1157956185265
700	0.41641237599429
720	0.38380411272569
740	0.17759585323626
760	0.20848219523818
780	0.20999435237962
800	0.14368983168582
10	0.54545454545455	4.166808161696
700	0.54876305325589
720	0.24607897418767
740	0.35358159408849
760	0.27334282114703
780	0.1965914318793
800	0.12133311575301
10	0.63636363636364	4.4047078367358
700	0.34732378765811
720	0.30793388663583
740	0.36841145704197
760	0.26063800209139
780	0.15835228018705
800	0.18242421808142
10	0.72727272727273	4.1884785319619
700	0.2918430757386
720	0.39127267928066
740	0.3521009682611
760	0.19183351150718
780	0.26794220267361
800	0.20700768301311
10	0.81818181818182	4.6084232219338
700	0.35943559055027
720	0.44120736252359
740	0.22590305520712
760	0.23306555196091
780	0.310116617981
800	0.19379107185776
10	0.90909090909091	4.8868459419997
700	0.48338272910471
720	0.25228227756844
740	0.21647690431764
760	0.36982545822472
780	0.24320313702792
800	0.13956521310449
10	1	4.5009495723436
700	0.26315534139707
720	0.22634339227627
740	0.36754609708488
760	0.28231223199186
780	0.16152675872041
800	0.14911823647519
10	1.0909090909091	3.6262048849347
700	0.38118336113354
720	0.30039172776672
740	0.17176682029078
760	0.16019819910237
780	0.24121869791901
800	0.23932553219081
10	1.2727272727273	4.5008538644389
