700	0.12550642095029
720	0.25684819497213
740	0.12932829730556
760	0.080436946400533
780	0.12861250124515
800	0.13799152208499
0.1	0.18181818181818	2.4777171739093
700	0.31862594382817
720	0.16116603201521
740	0.1446154784469
760	0.19211056921858
780	0.14255266135887
800	0.12785204176449
0.1	0.36363636363636	3.0262870501038
700	0.17265882307846
720	0.2759598941933
740	0.25746112048757
760	0.13572497887237
780	0.22884982392427
800	0.10124690455892
0.1	0.54545454545455	3.039165660258
700	0.17433831116048
720	0.26560389061238
740	0.20281002980667
760	0.10053557103056
780	0.10459539477725
800	0.15953987440861
0.1	0.63636363636364	2.8040312283484
700	0.48305902063785
720	0.28666497214887
740	0.1353703745999
760	0.24247967542476
780	0.16742206188648
800	0.13438078277633
0.1	0.72727272727273	3.9530631068951
700	0.48749667982711
720	0.19556343771131
740	0.17180477540566
760	0.19082824051991
780	0.16970665366688
800	0.090286853877549
0.1	0.81818181818182	3.4784073909749
700	0.35220340373336
720	0.17331857894083
740	0.51128892856251
760	0.20832972617679
780	0.12120264586789
800	0.09116118210885
0.1	0.90909090909091	3.328758766904
700	0.23669786198687
720	0.22056360567841
740	0.31965403606048
760	0.16521111122553
780	0.10799578131286
800	0.16874799711974
0.1	1	3.2106794660854
700	0.22113331951917
720	0.37513225533078
740	0.24317994470596
760	0.13740238088369
780	0.14956293503511
800	0.13970082577744
0.1	1.0909090909091	3.3140353726122
700	0.23898035689179
720	0.24525659567834
740	0.16189203778727
760	0.19482929538772
780	0.23326827908221
800	0.11496864622787
0.1	1.2727272727273	3.2449474028725
700	0.15607017147937
720	0.26331948150454
740	0.1342932393346
760	0.080182590329467
780	0.15041656773336
800	0.12961627757363
0.4	0.18181818181818	2.6111395619896
700	0.31407221794556
720	0.16571017773205
740	0.14995097248183
760	0.20400338577328
780	0.12661226257667
800	0.077580434691523
0.4	0.36363636363636	2.6865341276772
700	0.1741660520776
720	0.19382969113331
740	0.22993367628231
760	0.14584224091664
780	0.088771158554011
800	0.12098781729095
0.4	0.54545454545455	2.4751837713443
700	0.1802996659046
720	0.23847871654591
740	0.17798519910724
760	0.18404884560931
780	0.12465832761211
800	0.14109607929714
0.4	0.63636363636364	2.834571242891
700	0.25373331160618
720	0.22377034198345
740	0.13461570398166
760	0.1390777618737
780	0.15469332088905
800	0.11784947274194
0.4	0.72727272727273	2.8512241251645
700	0.26968167647631
720	0.17387272510388
740	0.15455974567471
760	0.16806237192977
780	0.13701661065312
800	0.093122503968567
0.4	0.81818181818182	2.6541357812427
700	0.23400128678909
720	0.17895552695433
740	0.18976186183917
760	0.15804112948279
780	0.1105390247944
800	0.38405923635692
0.4	0.90909090909091	4.2619030408686
700	0.22386498872315
720	0.33545045157364
740	0.17817746042372
760	0.1370034457245
780	0.120374117018
800	0.11299357227572
0.4	1	2.8923867647841
700	0.22146476559453
720	0.27169247193077
740	0.16566172555846
760	0.14596885685611
780	0.26312616210063
800	0.10909040021854
0.4	1.0909090909091	3.2435359241995
700	0.74768817784238
720	0.21863400882728
740	0.17996051097392
760	0.3216100870028
780	0.10893799177056
800	0.099047744656098
0.4	1.2727272727273	4.3305635046011
700	0.19457649313917
720	0.2684185772337
740	0.12577995750937
760	0.080408076285263
780	0.14078343113744
800	0.12523237436861
0.7	0.18181818181818	2.6598296129591
700	0.32723390215999
720	0.15699437665761
740	0.1537351365713
760	0.21541615736159
780	0.12278937278417
800	0.07749453760526
0.7	0.36363636363636	2.7157303327634
700	0.19349406633719
720	0.23411699535311
740	0.22664408573016
760	0.1645526649147
780	0.13790621328805
800	0.13400798127407
0.7	0.54545454545455	2.8954019622222
700	0.23859818317201
720	0.2408874932133
740	0.17959272047356
760	0.63404003985764
780	0.1391963484823
800	0.14012444446796
0.7	0.63636363636364	3.8070767702775
700	0.33776962030998
720	0.22755247281809
740	0.15295046797988
760	0.17394012143109
780	0.15487617643542
800	0.12298840075106
0.7	0.72727272727273	3.2112167573942
700	0.29930126076315
720	0.1874910652712
740	0.35405728977554
760	0.17564536556127
780	0.13697743081558
800	0.11970503618292
0.7	0.81818181818182	3.1875754029618
700	0.25931332806621
720	0.21706198772647
740	0.223740364922
760	0.1628418385341
780	0.11894597390607
800	0.35040029629531
0.7	0.90909090909091	4.2878093407228
700	0.25639894631973
720	0.65339064096407
740	0.19088004057363
760	0.14719723098451
780	0.1734159061441
800	0.12264185902199
0.7	1	3.9172568424404
700	0.32416173007111
720	0.27892536483012
740	0.17756685295931
760	0.17530688541319
780	0.21390480588268
800	0.1156560404015
0.7	1.0909090909091	3.4777705650158
700	0.58084153363237
720	0.23437596959229
740	0.31517625596744
760	0.21654319390295
780	0.11703428272904
800	0.1065358017866
0.7	1.2727272727273	3.9538802063673
700	0.21192641779533
720	0.27629174177179
740	0.12507707124374
760	0.080719120774001
780	0.15054756304677
800	0.12795377555121
1	0.18181818181818	2.7765828740281
700	0.33620318344539
720	0.16816971690224
740	0.15661277776334
760	0.22530105905848
780	0.11471549827883
800	0.072716770795539
1	0.36363636363636	2.7262300276613
700	0.21374773683736
720	0.26797279139972
740	0.22743088014749
760	0.18255675296306
780	0.14474931578787
800	0.15068562513698
1	0.54545454545455	3.17931878893
700	0.35897192917363
720	0.26363996988194
740	0.18130799156575
760	0.69976891593668
780	0.15855311343733
800	0.1379782780489
1	0.63636363636364	4.3650250194394
700	0.38175456837362
720	0.23263701246892
740	0.17682336902103
760	0.20314025932518
780	0.16227272865742
800	0.12150850340615
1	0.72727272727273	3.4429053908345
700	0.31927353195953
720	0.2010592348326
740	0.60643878020264
760	0.18624655157895
780	0.13999955111093
800	0.16323549674578
1	0.81818181818182	3.8779641141264
700	0.27347339529673
720	0.26160975922077
740	0.24268811217104
760	0.16801417934828
780	0.12730368008226
800	0.26707188629573
1	0.90909090909091	3.9752513804357
700	0.27983566348945
720	0.45862346388288
740	0.1999216702079
760	0.15687164197456
780	0.27927311784218
800	0.13701748983898
1	1	4.0804451780608
700	0.48576554267687
720	0.26683653114968
740	0.18426312291966
760	0.21409136515648
780	0.20408884400402
800	0.12024419985773
1	1.0909090909091	3.9790770678283
700	0.41002146857224
720	0.24189524247855
740	0.49873205802956
760	0.19410231084303
780	0.11802812679357
800	0.11210964030574
1	1.2727272727273	3.7101467282106
700	0.22614611290922
720	0.28553730571784
740	0.12005668710962
760	0.080914524018763
780	0.15327916758828
800	0.12538375518517
1.5	0.18181818181818	2.8242913790224
700	0.34718363187727
720	0.16443042471058
740	0.16161422046351
760	0.2368513490498
780	0.11271237836431
800	0.071965320042367
1.5	0.36363636363636	2.763624852414
700	0.24509622302214
720	0.30088635260031
740	0.22977451965449
760	0.20494343572802
780	0.14629190223013
800	0.16949073608777
1.5	0.54545454545455	3.4960569170129
700	0.55269419273461
720	0.29023534523435
740	0.18635522472821
760	0.43501125041825
780	0.18419826242963
800	0.1382456045691
1.5	0.63636363636364	4.6278520018103
700	0.41871726827301
720	0.23924420942515
740	0.22391865367424
760	0.23746424133456
780	0.16762760531196
800	0.12423856422419
1.5	0.72727272727273	3.7133065538936
700	0.33760565307727
720	0.2170043385916
740	0.55035752732643
760	0.20331565520578
780	0.14255347078599
800	0.26187886138876
1.5	0.81818181818182	4.5302109526233
700	0.28499491486316
720	0.35009680687434
740	0.26129119393617
760	0.17393325934909
780	0.14278470059213
800	0.23791117457161
1.5	0.90909090909091	4.1004848674215
700	0.31514740471925
720	0.37515614186235
740	0.20675713418651
760	0.16523139205563
780	0.39765584230566
800	0.1512997415362
1.5	1	4.5445891469337
700	0.56755651324686
720	0.25659238012241
740	0.19052817784271
760	0.28612949992275
780	0.20246184991824
800	0.12459227624791
1.5	1.0909090909091	4.3399564623365
700	0.3189448006012
720	0.24218595241377
740	0.36364606964984
760	0.1797473063769
780	0.12021724905235
800	0.11998922185479
1.5	1.2727272727273	3.3156821186954
700	0.17266040001824
720	0.29300112453559
740	0.11785050886706
760	0.072700533788813
780	0.15819909142465
800	0.11750115245664
2	0.18181818181818	2.6405526868748
700	0.39889998495067
720	0.16186279077779
740	0.16582433946827
760	0.23394496595518
780	0.10907838263306
800	0.068612783798876
2	0.36363636363636	2.87258150882
700	0.24999527382544
720	0.31868075309148
740	0.2309778285597
760	0.21597769606698
780	0.14916381945134
800	0.17374508676676
2	0.54545454545455	3.6025227699954
700	0.60055639205123
720	0.31215736352763
740	0.18887596697464
760	0.33633564074725
780	0.20319603335886
800	0.13829789046808
2	0.63636363636364	4.7154694604344
700	0.44044113277473
720	0.24448595510806
740	0.26801147073309
760	0.2494408868583
780	0.1728611144098
800	0.11896057904696
2	0.72727272727273	3.8473122187078
700	0.34978484831904
720	0.22928532075081
740	0.47040676171127
760	0.21597901466815
780	0.14428119120977
800	0.31967379557056
2	0.81818181818182	4.8693991006365
700	0.27556813990428
720	0.40482168782182
740	0.27266223373069
760	0.17917069883199
780	0.15533731812555
800	0.23092571741472
2	0.90909090909091	4.211082837385
700	0.33879259217534
720	0.35025841408972
740	0.20974309494815
760	0.17132578635463
780	0.3648554113257
800	0.16568913658489
2	1	4.5445165141165
700	0.50607326164943
720	0.25052842205696
740	0.19461770066422
760	0.32150859785632
780	0.20239561586483
800	0.13211732153422
2	1.0909090909091	4.2622317004686
700	0.2861083448038
720	0.24893499760921
740	0.30502602485743
760	0.17430185057579
780	0.12118197404834
800	0.12749266364409
2	1.2727272727273	3.2032649104448
700	0.25634940011342
720	0.30289848620631
740	0.099248834078567
760	0.082885756226457
780	0.16437607460557
800	0.11804088385271
4	0.18181818181818	2.9185728240909
700	0.3667515754228
720	0.15712625374902
740	0.17038548634664
760	0.25475116906354
780	0.1010618694196
800	0.07002074957398
4	0.36363636363636	2.7915921175869
700	0.32135047372782
720	0.34797345568642
740	0.23781757862666
760	0.21395076579281
780	0.15477777740151
800	0.20889056207118
4	0.54545454545455	4.1043582131122
700	0.47706996296694
720	0.36820365129901
740	0.1939738199737
760	0.24493706425536
780	0.24592632806379
800	0.13979249188365
4	0.63636363636364	4.4943044332192
700	0.46729463138845
720	0.25641153574134
740	0.33334422556056
760	0.29399026888376
780	0.19040010688322
800	0.12573003555107
4	0.72727272727273	4.2078096743206
700	0.36757350614202
720	0.25674190555397
740	0.36879496783384
760	0.24539305543964
780	0.14852365161077
800	0.2302096563363
4	0.81818181818182	4.3713498446446
700	0.29976259475915
720	0.38929422903358
740	0.29116602101056
760	0.18373423782932
780	0.18356337571964
800	0.21428614477435
4	0.90909090909091	4.2790733137882
700	0.36151839612206
720	0.3263887964441
740	0.20988851512474
760	0.18519622964731
780	0.26761597527751
800	0.17871702974384
4	1	4.3137603137899
700	0.39691259908711
720	0.24031325247558
740	0.19705316174204
760	0.28221087390156
780	0.2056232695964
800	0.13022490211036
4	1.0909090909091	3.8678154657744
700	0.26546717733815
720	0.32762485240203
740	0.26724558861656
760	0.16553709272464
780	0.12466546356937
800	0.15547135445083
4	1.2727272727273	3.4264136146744
700	0.26227667468612
720	0.30735982321611
740	0.10981855598492
760	0.085673668327362
780	0.17156724101792
800	0.11546345158979
6	0.18181818181818	2.9725091700424
700	0.37897211002375
720	0.15520765238295
740	0.17559480688555
760	0.26214166955281
780	0.10014656520527
800	0.072166737683753
6	0.36363636363636	2.8510426266605
700	0.33124689430358
720	0.35110977693089
740	0.24689125066181
760	0.20009713233069
780	0.15697495192776
800	0.22227254342645
6	0.54545454545455	4.2161833442011
700	0.41669090100227
720	0.40108566379132
740	0.19447802287536
760	0.22207009436464
780	0.26396493393727
800	0.14159689312879
6	0.63636363636364	4.4277077307579
700	0.46878334780456
720	0.2658252923919
740	0.31424762962851
760	0.30209906752351
780	0.20120591032684
800	0.12237995378299
6	0.72727272727273	4.2396679473798
700	0.37576908636673
720	0.26590258736027
740	0.34124144550567
760	0.26067968270103
780	0.10707720280052
800	0.18788102016553
6	0.81818181818182	3.9989277841213
700	0.30368489454128
720	0.35694067235979
740	0.29607003351511
760	0.18739641649658
780	0.18789736772644
800	0.20911211563271
6	0.90909090909091	4.2204059238959
700	0.35430236307391
720	0.31991235792083
740	0.21284144166842
760	0.18922005782385
780	0.24587209016516
800	0.1856217684287
6	1	4.2542192546561
700	0.37714318611659
720	0.23659497579857
740	0.20429930041321
760	0.26293202068035
780	0.20731590326076
800	0.13196316182372
6	1.0909090909091	3.797257265516
700	0.27449383126892
720	0.34797498118961
740	0.26577507085222
760	0.16347598667823
780	0.12807540992746
800	0.17019986748811
6	1.2727272727273	3.5901807505825
700	0.27105935417457
720	0.31339850285305
740	0.10888299064328
760	0.083823631670392
780	0.17366094864185
800	0.11512398269358
8	0.18181818181818	3.0110713569556
700	0.38861458587004
720	0.15335458264544
740	0.17686440043678
760	0.26452881613705
780	0.099194436734944
800	0.07343206567971
8	0.36363636363636	2.8845466975567
700	0.33350939932699
720	0.34789183998999
740	0.25602956798331
760	0.19104507246425
780	0.15731833524221
800	0.23055380966715
8	0.54545454545455	4.2637503444333
700	0.38413371362161
720	0.42365347923695
740	0.19519137246552
760	0.21141641258007
780	0.27457959915532
800	0.1454995134301
8	0.63636363636364	4.4260303852269
700	0.46550408816235
720	0.27573179722677
740	0.29572576459836
760	0.30348437581768
780	0.21037316704243
800	0.12105323128504
8	0.72727272727273	4.254820315556
700	0.38146989382692
720	0.26820098736679
740	0.32654954162346
760	0.27031447454593
780	0.15169091861281
800	0.17141964395662
8	0.81818181818182	4.0779998211796
700	0.30743206577892
720	0.34056996235744
740	0.29794710478237
760	0.1891794871658
780	0.18448475626904
800	0.20546095132475
8	0.90909090909091	4.1684688898408
700	0.34994891537407
720	0.3156542789591
740	0.21312960173583
760	0.19043913413141
780	0.23665905978259
800	0.18956154347405
8	1	4.2263577747146
700	0.36983933321133
720	0.23439167395429
740	0.20795260662196
760	0.25819640975331
780	0.20805015593064
800	0.13301211360539
8	1.0909090909091	3.7775596969167
700	0.28750762437539
720	0.34632730180425
740	0.26687545380821
760	0.1635069232276
780	0.13153630374354
800	0.17729539509098
8	1.2727272727273	3.6808119813512
700	0.27733779200592
720	0.30758927593086
740	0.1083914232378
760	0.084056617534696
780	0.17454245804946
800	0.11157080983457
10	0.18181818181818	2.998431021499
700	0.3983449612009
720	0.15896023994865
740	0.17743999113438
760	0.26837670365121
780	0.099685006135239
800	0.073154525003064
10	0.36363636363636	2.9309520146804
700	0.33066769137861
720	0.33890952630344
740	0.26482065308128
760	0.18357340671635
780	0.15681793980844
800	0.23745142598649
10	0.54545454545455	4.2757720501111
700	0.3654942978142
720	0.43690804848822
740	0.19591610604497
760	0.20483155237942
780	0.28096911508465
800	0.14803702837828
10	0.63636363636364	4.4282968691832
700	0.4595694461818
720	0.27937089297428
740	0.28204002292584
760	0.30232736653269
780	0.21787170408948
800	0.11995565403008
10	0.72727272727273	4.2467279132505
700	0.3843326901508
720	0.27027269725203
740	0.31702261670564
760	0.27703178731166
780	0.15372996350763
800	0.16200652749248
10	0.81818181818182	4.0399734666888
700	0.30893587492465
720	0.33300223905226
740	0.29874317426392
760	0.19096631998745
780	0.18075931044702
800	0.20291081257867
10	0.90909090909091	4.1323812241536
700	0.34891504397866
720	0.31424696087372
740	0.21352204401224
760	0.19095609623759
780	0.23208869557429
800	0.19248150798104
10	1	4.2232113294994
700	0.36717311735475
720	0.23515587352453
740	0.21108215310767
760	0.25611933582485
780	0.20875966987504
800	0.13418096648825
10	1.0909090909091	3.781579236411
700	0.2975426746971
720	0.34100699035329
740	0.26862650214101
760	0.16417893698772
780	0.13497380037456
800	0.18257403791603
10	1.2727272727273	3.7462077461926
