700	0.12461601198462
720	0.20588640769424
740	0.16890306173349
760	0.094504776213028
780	0.10268021997192
800	0.16264598256126
0.1	0.18181818181818	2.5001647822774
700	0.20071526847432
720	0.23915915227386
740	0.1434439902108
760	0.12227862017676
780	0.18983184364138
800	0.22214387145485
0.1	0.36363636363636	3.4742282912482
700	0.27535000017459
720	0.1146051672098
740	0.13473654018496
760	0.2115486415922
780	0.098914432580241
800	0.069790737152163
0.1	0.54545454545455	2.318731668633
700	0.18880247070563
720	0.17568311576798
740	0.21259892625366
760	0.14452482345066
780	0.22882682487602
800	0.079294424372746
0.1	0.63636363636364	2.7057326835098
700	0.15662657718222
720	0.18684351512751
740	0.22708948895991
760	0.11005639156474
780	0.10365514204545
800	0.11979556414815
0.1	0.72727272727273	2.3937237154191
700	0.1633476335999
720	0.24135352145806
740	0.17141025249462
760	0.17337831931939
780	0.11440514641446
800	0.14910417275971
0.1	0.81818181818182	2.7779928359976
700	0.25591149552073
720	0.2536573595143
740	0.13120642804439
760	0.27768377971716
780	0.15101423121212
800	0.12838422165854
0.1	0.90909090909091	3.197136315936
700	0.32136349447175
720	0.17871662255239
740	0.12896179053782
760	0.15422274360164
780	0.16719039010783
800	0.10578767985821
0.1	1	2.9416101993877
700	0.26937058237124
720	0.14728833423328
740	0.23699626978688
760	0.18857697637424
780	0.12748169576082
800	0.13106494149762
0.1	1.0909090909091	2.9315981728479
700	0.19405803750473
720	0.20220167735536
740	0.20470680566954
760	0.132765287458
780	0.11632454852942
800	0.18854786762487
0.1	1.2727272727273	3.0051178301609
700	0.16261309344678
720	0.22416808301303
740	0.15850622513831
760	0.08386852922761
780	0.13059136627047
800	0.16293965519443
0.4	0.18181818181818	2.7170843788486
700	0.25800856199567
720	0.22768064673019
740	0.51854749893916
760	0.16574492167414
780	0.18254633121259
800	0.13067166265051
0.4	0.36363636363636	3.5697061831283
700	0.25893899608644
720	0.24816047395564
740	0.1784235536995
760	0.20421122690455
780	0.44967578649852
800	0.097511442370854
0.4	0.54545454545455	4.0149767905351
700	0.19072477988329
720	0.26466624710023
740	0.23978643070822
760	0.14938834154143
780	0.18138964126192
800	0.10816835921018
0.4	0.63636363636364	2.9400962619156
700	0.33743776650637
720	0.22637222068412
740	0.22128030636715
760	0.23286802679577
780	0.11320460162451
800	0.14700613619951
0.4	0.72727272727273	3.3874240933907
700	0.50282472444943
720	0.27249154267692
740	0.18416178655212
760	0.20251133060653
780	0.14327774529312
800	0.15312342589252
0.4	0.81818181818182	4.0010599870975
700	0.32614596426626
720	0.24896312634117
740	0.70401471556762
760	0.15920232155528
780	0.177558793349
800	0.13478527186701
0.4	0.90909090909091	4.0332261338442
700	0.31819894773095
720	0.26033885150653
740	0.29743550738324
760	0.18380083432902
780	0.16997353804562
800	0.43772664942455
0.4	1	5.3840985190105
700	0.30519393981273
720	0.52316905904524
740	0.22187638737397
760	0.19814431952388
780	0.33943319712084
800	0.14503688130519
0.4	1.0909090909091	4.645721044949
700	0.4243762162826
720	0.31876753131223
740	0.22081008101692
760	0.34193807067696
780	0.21652256266413
800	0.1324342236509
0.4	1.2727272727273	4.2884792168989
700	0.20533477950265
720	0.24900131514207
740	0.15245364267065
760	0.082595205984512
780	0.12622614886846
800	0.13743209680014
0.7	0.18181818181818	2.7092921406387
700	0.29410031955129
720	0.2143685636179
740	0.27183038289787
760	0.19944047028725
780	0.16720065876029
800	0.08938859438624
0.7	0.36363636363636	3.0900607570948
700	0.27266783220907
720	0.63437527841909
740	0.22156569846147
760	0.20463360262071
780	0.48134308725799
800	0.1244505856691
0.7	0.54545454545455	5.1755894909437
700	0.23201812485331
720	0.26685427028051
740	0.26124260399554
760	0.18146030367603
780	0.1786208990027
800	0.13677332906575
0.7	0.63636363636364	3.3062465714964
700	0.66808253771998
720	0.25780986812399
740	0.23132498602824
760	0.5279940113518
780	0.13683857981831
800	0.16329026202029
0.7	0.72727272727273	5.0835492069396
700	0.32893654530464
720	0.29782157005396
740	0.22906599259967
760	0.17377268177384
780	0.16908196549532
800	0.16143753370987
0.7	0.81818181818182	3.7083996650956
700	0.3160716888234
720	0.2654310728088
740	0.33215642481369
760	0.17057904469457
780	0.19391247827726
800	0.17426115257944
0.7	0.90909090909091	3.8949712318544
700	0.33175634700462
720	0.57138452082057
740	0.20542776825823
760	0.2027752852373
780	0.1896182587175
800	0.15988583708504
0.7	1	4.3595771245999
700	0.33193885956881
720	0.37141347075849
740	0.21302404594321
760	0.21453183538843
780	0.28937236430674
800	0.11534866079154
0.7	1.0909090909091	4.0678316068766
700	0.50335235570519
720	0.26230637299172
740	0.23207285614521
760	0.24593727749913
780	0.14974144449336
800	0.14209907472692
0.7	1.2727272727273	4.0700400339452
700	0.23950058570371
720	0.25663995981431
740	0.14881752022208
760	0.082457232941605
780	0.11915923161457
800	0.15462611142147
1	0.18181818181818	2.8965355389773
700	0.33287745978223
720	0.21251919546585
740	0.21944108881343
760	0.22765183345872
780	0.16755212308092
800	0.088429520337263
1	0.36363636363636	3.1744423441053
700	0.28057530459864
720	0.64445805148179
740	0.26260245475217
760	0.20154435788628
780	0.28300471683121
800	0.14901486509332
1	0.54545454545455	4.701403924355
700	0.27658092723318
720	0.28196236469315
740	0.27384889571797
760	0.22297962490869
780	0.18482167020936
800	0.16726468477697
1	0.63636363636364	3.7566500000961
700	0.54638870680189
720	0.2826736862703
740	0.23774377217007
760	0.45339644301653
780	0.16334472317089
800	0.17215492090936
1	0.72727272727273	4.8199740310722
700	0.30940510477931
720	0.31377794539409
740	0.29892936415482
760	0.18019390017178
780	0.18758927605687
800	0.16074877246599
1	0.81818181818182	3.8450175441099
700	0.32774093575072
720	0.29732189410673
740	0.24402298037998
760	0.18493555941576
780	0.20458350314067
800	0.21325968471082
1	0.90909090909091	4.1834550157371
700	0.34191268505525
720	0.39799146610019
740	0.19921317885708
760	0.21838161274548
780	0.21142757411895
800	0.13724922485373
1	1	3.9930636645833
700	0.35298484289541
720	0.25487257042294
740	0.22109260809378
760	0.23583790224027
780	0.18642716647599
800	0.11813447763505
1	1.0909090909091	3.5822971202286
700	0.33324856998786
720	0.26073459659956
740	0.28506778746162
760	0.17177487857273
780	0.14680410031279
800	0.15339048537899
1	1.2727272727273	3.5819931202386
700	0.27321099287778
720	0.27572878632559
740	0.1393470748778
760	0.079458220450004
780	0.14216670229028
800	0.14881075859483
1.5	0.18181818181818	3.0621155134724
700	0.38697898420668
720	0.20091065929483
740	0.19202165886682
760	0.26172585877588
780	0.14941341526635
800	0.084524100540241
1.5	0.36363636363636	3.2389631286915
700	0.28851050209733
720	0.465269458669
740	0.31342088108196
760	0.19329994886154
780	0.20343155668489
800	0.18333143321169
1.5	0.54545454545455	4.3293490663592
700	0.34760214430672
720	0.31865011309566
740	0.27920186206441
760	0.28218161417718
780	0.2056931379959
800	0.19681928704732
1.5	0.63636363636364	4.3941419900678
700	0.41753007468005
720	0.31666569244896
740	0.24475149482343
760	0.33971412585503
780	0.19866391236861
800	0.17135760655675
1.5	0.72727272727273	4.4629291697016
700	0.31665782966665
720	0.3232312375196
740	0.35929211605786
760	0.20084485508294
780	0.2036039428908
800	0.16187720957408
1.5	0.81818181818182	4.0587394390907
700	0.34704529125912
720	0.32552032828091
740	0.22495922043956
760	0.20289185765927
780	0.20746389635377
800	0.23411649945986
1.5	0.90909090909091	4.4395730305048
700	0.3611947895764
720	0.27497063596517
740	0.20711816041293
760	0.23245780947287
780	0.231530636007
800	0.13611974129383
1.5	1	3.8950204504629
700	0.38484405583167
720	0.23221618775559
740	0.23685345552648
760	0.27215727183622
780	0.16264596804497
800	0.1267084952269
1.5	1.0909090909091	3.6736895529041
700	0.28544216414688
720	0.2921107375649
740	0.26945580291619
760	0.16314564643697
780	0.15352475832956
800	0.17935061730869
1.5	1.2727272727273	3.6580659213132
700	0.26370751177959
720	0.28665625487896
740	0.13441645236566
760	0.083283136502936
780	0.14675432737447
800	0.14670642275161
2	0.18181818181818	3.0613894141999
700	0.41718370216305
720	0.18806211888751
740	0.18376039638035
760	0.28520290898357
780	0.13838928633088
800	0.082345787044004
2	0.36363636363636	3.27493815537
700	0.30141268620932
720	0.38818318966592
740	0.34609104131666
760	0.18517729096595
780	0.17764542994513
800	0.20809730672704
2	0.54545454545455	4.2931349637828
700	0.39485071261903
720	0.34771486904867
740	0.27517812226947
760	0.30266730829512
780	0.22122831988512
800	0.21070297633418
2	0.63636363636364	4.7575652612554
700	0.38410209783374
720	0.3362239541288
740	0.24915068050571
760	0.30119463215054
780	0.22466950877204
800	0.16708353369125
2	0.72727272727273	4.4161379077506
700	0.33084150038864
720	0.32339583469919
740	0.35764321940766
760	0.21833696883526
780	0.20863205353422
800	0.16844786777874
2	0.81818181818182	4.184671170679
700	0.36434484083941
720	0.33656548449772
740	0.2252226931166
760	0.21625600557652
780	0.20447660322657
800	0.22155998245652
2	0.90909090909091	4.4471286322412
700	0.37523914402336
720	0.25682742867513
740	0.21702902361203
760	0.23692915252605
780	0.23242922232836
800	0.13915843799825
2	1	3.9393527907456
700	0.35167145751774
720	0.2356320240525
740	0.24914456656901
760	0.28919339730291
780	0.16319282467336
800	0.13530518881317
2	1.0909090909091	3.6841433704034
700	0.27774011083272
720	0.35375674615811
740	0.23681124774372
760	0.16881344019845
780	0.16295443898107
800	0.20470809025626
2	1.2727272727273	3.9191520410291
700	0.2889493264409
720	0.31026787918841
740	0.16622965863657
760	0.084640402634658
780	0.15782070722429
800	0.13000577026274
4	0.18181818181818	3.1615569852141
700	0.49120880874093
720	0.1771717808314
740	0.16547958764754
760	0.32318008656525
780	0.1229613553206
800	0.08045111605351
4	0.36363636363636	3.4374695714137
700	0.30710105564813
720	0.3106014460298
740	0.38670377233983
760	0.16893842216515
780	0.15607046176914
800	0.26191379942671
4	0.54545454545455	4.4232022538617
700	0.40379834086336
720	0.41674516915154
740	0.25925847244363
760	0.25187702607604
780	0.25704032736605
800	0.2153319220901
4	0.63636363636364	4.9762126134389
700	0.37229515552123
720	0.35248211077094
740	0.25208254605325
760	0.27135882933042
780	0.26837008147729
800	0.14561521623757
4	0.72727272727273	4.3959833358926
700	0.36537529644912
720	0.30671076387205
740	0.30930049403793
760	0.26092517587699
780	0.19951315188174
800	0.15495640867056
4	0.81818181818182	4.1455721376458
700	0.36421975893334
720	0.3188361874257
740	0.25459291772415
760	0.22607480237562
780	0.18850464232694
800	0.19256400869797
4	0.90909090909091	4.2298577023015
700	0.40047505593349
720	0.26929826716343
740	0.23732331316509
760	0.22895082152583
780	0.2128077598559
800	0.1645883252803
4	1	4.1325251480236
700	0.33349092681123
720	0.25878976669989
740	0.26529022511292
760	0.27088236949122
780	0.1812686201836
800	0.1511683122076
4	1.0909090909091	3.8303607347584
700	0.31251266243949
720	0.55315925510352
740	0.22540845665471
760	0.19259751790796
780	0.18719526120263
800	0.24197549859401
4	1.2727272727273	4.7651490029083
700	0.29330573803087
720	0.3186029601008
740	0.12042831560142
760	0.079909375064769
780	0.16876200237583
800	0.13145341695237
6	0.18181818181818	3.1744180820747
700	0.52123016868339
720	0.17246468161894
740	0.17241749312556
760	0.33330612006547
780	0.11539177602476
800	0.08184538709257
6	0.36363636363636	3.5201669526105
700	0.3119450504802
720	0.29368939322296
740	0.40401286098446
760	0.16379642036538
780	0.15123665040934
800	0.27993276374937
6	0.54545454545455	4.5073374908941
700	0.37073119210827
720	0.44452755781827
740	0.2438444481195
760	0.22006117922324
780	0.27122942542662
800	0.20927694295094
6	0.63636363636364	4.8806908234138
700	0.37983621105795
720	0.34753239602886
740	0.25377469080884
760	0.26933252230376
780	0.27946543842202
800	0.1362040034649
6	0.72727272727273	4.3887149024772
700	0.37580709547355
720	0.29351110521315
740	0.28774541556685
760	0.27796184011119
780	0.1902754072316
800	0.15023426704751
6	0.81818181818182	4.0882310023781
700	0.354573310603
720	0.3087398183231
740	0.26603376017076
760	0.22121678357849
780	0.18088001798308
800	0.18628362466285
6	0.90909090909091	4.1222534855803
700	0.40289767221037
720	0.28735148213492
740	0.23970228454513
760	0.21886082930761
780	0.20850928656879
800	0.17864860842951
6	1	4.2323788822921
700	0.34156286598044
720	0.27319003669192
740	0.26624885078277
760	0.26104342023091
780	0.19683017726443
800	0.15596228586554
6	1.0909090909091	3.9525202067695
700	0.34442380590813
720	0.4249221364945
740	0.22550679591109
760	0.20787323844362
780	0.19471492143368
800	0.23799110231806
6	1.2727272727273	4.6222056959294
700	0.29188781411062
720	0.31146392366781
740	0.11856685960082
760	0.085763947168009
780	0.17192392172634
800	0.12522574515602
8	0.18181818181818	3.1367971857876
700	0.5295241822202
720	0.17958047164113
740	0.17213882785093
760	0.3400610619525
780	0.11266676876918
800	0.079615370665476
8	0.36363636363636	3.5459720966901
700	0.30869900660865
720	0.28656774613337
740	0.40901537437297
760	0.15930036742257
780	0.1496689107348
800	0.29116566565927
8	0.54545454545455	4.5448007011892
700	0.34943759096101
720	0.4567907368278
740	0.23826389219739
760	0.20496781337438
780	0.27915346367468
800	0.20596633722001
8	0.63636363636364	4.8213024982717
700	0.38671352271456
720	0.34109265436382
740	0.24911620902626
760	0.26806856856376
780	0.28326252906408
800	0.13042444830295
8	0.72727272727273	4.3657669167696
700	0.37880814413823
720	0.28161690446994
740	0.28266141916756
760	0.28502324493763
780	0.18438283046488
800	0.1457546041969
8	0.81818181818182	4.0295977504499
700	0.34609406138832
720	0.31067328361735
740	0.27520475430825
760	0.21643948299203
780	0.17571647033646
800	0.18449063611649
8	0.90909090909091	4.0759972108871
700	0.40343801473521
720	0.30117852263052
740	0.23902398995998
760	0.21286609833355
780	0.209289675868
800	0.18638725278761
8	1	4.3011336076167
700	0.34822653083288
720	0.28175790024044
740	0.26414447199152
760	0.26070512450124
780	0.20699741822779
800	0.15637295938741
8	1.0909090909091	4.024851751099
700	0.37036140974191
720	0.35827824726437
740	0.22664876095633
760	0.2199255960105
780	0.19792440320721
800	0.23057907184286
8	1.2727272727273	4.5478403415823
700	0.29438081561987
720	0.33676082528169
740	0.11747729503411
760	0.086047433208036
780	0.1724255379893
800	0.12264509967801
10	0.18181818181818	3.1808913587219
700	0.54105256050894
720	0.17404064246894
740	0.17207001062843
760	0.34331993157986
780	0.10908943397315
800	0.080210150664397
10	0.36363636363636	3.5636060426498
700	0.30836779513773
720	0.28585525394512
740	0.41249062734953
760	0.15713638608807
780	0.14912930256574
800	0.29561301977556
10	0.54545454545455	4.5681606397541
700	0.33360058308852
720	0.46664724804353
740	0.23508829305358
760	0.19655670347054
780	0.28373743739512
800	0.20541887396393
10	0.63636363636364	4.7914858661097
700	0.39058032017875
720	0.34418841646077
740	0.24459663438448
760	0.268140636734
780	0.28508225533848
800	0.12978173883769
10	0.72727272727273	4.3802611204332
700	0.37858870773231
720	0.2759453275601
740	0.28044721275218
760	0.28880087377879
780	0.18020536692021
800	0.14222323526436
10	0.81818181818182	3.984500296913
700	0.34173639056106
720	0.30712675649227
740	0.28099654608981
760	0.21244931707245
780	0.17182504036939
800	0.18478100161952
10	0.90909090909091	4.0446213720488
700	0.40256651969403
720	0.3110382682058
740	0.23745036613097
760	0.20875188995668
780	0.21009341430724
800	0.18935538873996
10	1	4.3308980982977
700	0.35459557088035
720	0.28197492817355
740	0.26223321792057
760	0.26079494368766
780	0.21384472379544
800	0.15350642348628
10	1.0909090909091	4.0483906354281
700	0.39250036723889
720	0.32875416535198
740	0.22732525477246
760	0.22784651903436
780	0.19904745506254
800	0.22549719240499
10	1.2727272727273	4.5377550838424
