700	0.15267610377745
720	0.1476396016144
740	0.26610492567137
760	0.11530662595051
780	0.079619359418296
800	0.1558163015918
0.1	0.18181818181818	2.4919057418313
700	0.1549155811237
720	0.18662173681364
740	0.21284871442886
760	0.1722214918549
780	0.10447521188156
800	0.18539171614767
0.1	0.36363636363636	2.876201702391
700	0.22901774221564
720	0.28459037935935
740	0.16896256347078
760	0.09109765287932
780	0.16359876560215
800	0.15999896042982
0.1	0.54545454545455	3.1554984935073
700	0.19308429601619
720	0.30999637502778
740	0.51112272909766
760	0.099269224647248
780	0.20723998744055
800	0.25934508051985
0.1	0.63636363636364	4.3029830847644
700	0.17989988752916
720	0.30671797975638
740	0.32533479244354
760	0.10794456669638
780	0.23884524438366
800	0.12571512065426
0.1	0.72727272727273	3.3448241175369
700	0.19042657869356
720	0.28448799136614
740	0.22795411015454
760	0.11745084490988
780	0.25629955977613
800	0.099481482092388
0.1	0.81818181818182	3.1278972478651
700	0.21213126086748
720	0.33697038116105
740	0.12992368397636
760	0.13966185132895
780	0.29603300863544
800	0.085475938691935
0.1	0.90909090909091	3.2703658094308
700	0.24345732752386
720	0.85175164077667
740	0.11745326250308
760	0.16139948581812
780	0.58190376760903
800	0.075893218846005
0.1	1	5.4018206950717
700	0.28416580409511
720	0.72436139548661
740	0.11245878014572
760	0.19242622445074
780	0.2556106338791
800	0.071242848789835
0.1	1.0909090909091	4.1029768448496
700	0.34063173871427
720	0.24805348375213
740	0.12021915258613
760	0.41571634870378
780	0.154931611907
800	0.070031575797083
0.1	1.2727272727273	3.3039950490085
700	0.17918548605546
720	0.17995763762356
740	0.24876792000184
760	0.16366216678704
780	0.10456345309344
800	0.20370549193279
0.4	0.18181818181818	3.0734238376133
700	0.57490205447722
720	0.31169113248773
740	0.21922765563008
760	0.16874425144242
780	0.23126670366089
800	0.18061590528374
0.4	0.36363636363636	4.7563782908936
700	0.21581416035235
720	0.42392419529548
740	0.2536850214437
760	0.15480492587687
780	0.060747519283016
800	0.18514363551397
0.4	0.54545454545455	3.3979406897078
700	0.25302761358221
720	0.49428874559973
740	0.14667605237476
760	0.19052348133518
780	0.34240669658793
800	0.11706961076253
0.4	0.63636363636364	4.1729488689546
700	0.33563544766454
720	0.37772348685483
740	0.14732302951229
760	0.29795412871426
780	0.27452623254227
800	0.098305319476502
0.4	0.72727272727273	3.9926589700537
700	0.41309067966942
720	0.29071306121351
740	0.16907311159301
760	0.55054427702973
780	0.20262004000928
800	0.10453481545568
0.4	0.81818181818182	4.2646545269661
700	0.5379574268945
720	0.26274513820487
740	0.24435965832244
760	0.33214931233963
780	0.18023893156613
800	0.13541292236118
0.4	0.90909090909091	4.3979233955189
700	0.48546243029818
720	0.23859305343316
740	0.34663156529181
760	0.25282592519315
780	0.18464493209252
800	0.28062862860325
0.4	1	5.0908739757701
700	0.36892321911174
720	0.21420128764058
740	0.55274441773476
760	0.24216881718271
780	0.15766258623524
800	0.37938867495985
0.4	1.0909090909091	5.449689040802
700	0.36798695643266
720	0.67115207479795
740	0.14935711792619
760	0.26309386670961
780	0.3352968718336
800	0.13362607592613
0.4	1.2727272727273	5.0619252242297
700	0.18303121981887
720	0.20843829249617
740	0.22657207924765
760	0.13202008772069
780	0.11399654458788
800	0.18514717538415
0.7	0.18181818181818	2.9833060402104
700	0.42583648165081
720	0.39395185517819
740	0.23347279151592
760	0.20329731310459
780	0.28015751302287
800	0.1324463904763
0.7	0.36363636363636	4.4586204426592
700	0.30050304671502
720	0.41401216228538
740	0.24087438256604
760	0.23759284893848
780	0.26445777586604
800	0.18859613202469
0.7	0.54545454545455	4.4940175815004
700	0.35979757569597
720	0.38945376914609
740	0.1751693598576
760	0.28018736618346
780	0.27123470182772
800	0.12827964165918
0.7	0.63636363636364	4.2604750015534
700	0.570599924408
720	0.28640443123051
740	0.18010590308667
760	0.42912761335845
780	0.18159291246136
800	0.11395387833588
0.7	0.72727272727273	4.4965036478856
700	0.54317899574824
720	0.26033005638143
740	0.29589550686227
760	0.29827387864782
780	0.18481102261129
800	0.14100625600368
0.7	0.81818181818182	4.4654023199154
700	0.43127947531407
720	0.27616836701327
740	0.48404365364285
760	0.18694581746764
780	0.18678054355461
800	0.25263275237777
0.7	0.90909090909091	4.9110557957444
700	0.35243624026137
720	0.4276009438136
740	0.26283975978242
760	0.2064533215859
780	0.23789061051629
800	0.26412292861179
0.7	1	5.0081581067262
700	0.36289562040792
720	0.52048701611213
740	0.21390713807258
760	0.24378721445055
780	0.47084893425619
800	0.10768784519707
0.7	1.0909090909091	5.1161162334403
700	0.33799435137858
720	0.1510652080505
740	0.16288868473056
760	0.39023972229136
780	0.17611780731145
800	0.10578455852223
0.7	1.2727272727273	3.4015731687924
700	0.19453077127769
720	0.2372989207884
740	0.20414891085982
760	0.11998755471129
780	0.12111632613523
800	0.20412430459561
1	0.18181818181818	3.1679957096845
700	0.37576698028152
720	0.41360667524409
740	0.24010824858956
760	0.23784969654387
780	0.28897561361137
800	0.11745401619679
1	0.36363636363636	4.3629043820537
700	0.36918118262346
720	0.36303058885419
740	0.27494416370157
760	0.27915530618644
780	0.21101195664764
800	0.19508250008715
1	0.54545454545455	4.5445794334792
700	0.4267267029827
720	0.34037222539996
740	0.20745054981065
760	0.29594988321258
780	0.2408373962755
800	0.16352265475719
1	0.63636363636364	4.5219771084413
700	0.56332856984725
720	0.27490291414347
740	0.22098950199113
760	0.39029426841567
780	0.21660442468864
800	0.14213246984059
1	0.72727272727273	4.7348140853967
700	0.3789212193674
720	0.25300131615357
740	0.38565237359329
760	0.23848668454342
780	0.18277459196927
800	0.16148479777856
1	0.81818181818182	4.1108853600838
700	0.33842004052579
720	0.37046878909571
740	0.29647945359093
760	0.19659770655386
780	0.18161633125071
800	0.2832404939139
1	0.90909090909091	4.7906169772845
700	0.34962635700356
720	0.56513057042583
740	0.16815643043414
760	0.23023576059601
780	0.32022452281926
800	0.1668896453391
1	1	4.9089927595357
700	0.38164127901607
720	0.34408935026125
740	0.17868669338896
760	0.27483132471208
780	0.221388830799
800	0.087472546718373
1	1.0909090909091	3.7984154420872
700	0.47581383659912
720	0.15664372738696
740	0.18311377944364
760	0.28210961346267
780	0.11974764664007
800	0.11285385420697
1	1.2727272727273	3.4900221978708
700	0.20970819914455
720	0.26948927837996
740	0.18010193894311
760	0.11023449055494
780	0.14142065964834
800	0.18422065567635
1.5	0.18181818181818	3.1829482763818
700	0.36598076448497
720	0.36240947120021
740	0.22984261494206
760	0.28752785813445
780	0.23423230208736
800	0.109720366923
1.5	0.36363636363636	4.0571968152896
700	0.4148438662517
720	0.33194526214815
740	0.32767001792895
760	0.27379900426626
780	0.17913159734904
800	0.21626138753158
1.5	0.54545454545455	4.6815622803309
700	0.43299763261952
720	0.3314021210359
740	0.2479209620634
760	0.2647789453212
780	0.22986433592429
800	0.20594026672204
1.5	0.63636363636364	4.7377075489118
700	0.47220568953433
720	0.27063845140286
740	0.24715478092645
760	0.33106694106994
780	0.20477328832811
800	0.16047643659757
1.5	0.72727272727273	4.4688246601519
700	0.33212399769127
720	0.25811345508032
740	0.40023772330517
760	0.2410001552416
780	0.17470201254951
800	0.17485777385414
1.5	0.81818181818182	4.0626037656358
700	0.33349422731133
720	0.46826346481763
740	0.21647246137252
760	0.25726386116916
780	0.18073302425503
800	0.26977795762095
1.5	0.90909090909091	4.8940912382449
700	0.38003424582497
720	0.29433022431391
740	0.15068647974679
760	0.30261112486503
780	0.33211932337024
800	0.14261043320563
1.5	1	4.4364045366009
700	0.53249355673535
720	0.19905497648275
740	0.17886775815876
760	0.53540586587746
780	0.13968492010025
800	0.087830449497844
1.5	1.0909090909091	4.0765217383928
700	0.24861320423653
720	0.18830211715163
740	0.20894901633622
760	0.14054293011643
780	0.108741047268
800	0.1254395446825
1.5	1.2727272727273	2.7397526154491
700	0.38834889060435
720	0.30182524667055
740	0.15338120620975
760	0.088382929753499
780	0.14698082858252
800	0.14422859259285
2	0.18181818181818	3.4651530952605
700	0.44524261985017
720	0.30939097324239
740	0.22068942261827
760	0.32212895195893
780	0.19583586863287
800	0.16278808248843
2	0.36363636363636	4.4055015550108
700	0.57151351359809
720	0.32157794149613
740	0.36397085645434
760	0.22073715385738
780	0.17987286739243
800	0.27034001671749
2	0.54545454545455	5.3938027743781
700	0.40165418758017
720	0.34353340280483
740	0.25938482300015
760	0.23927875079807
780	0.2409424124163
800	0.22822475173086
2	0.63636363636364	4.8199272490445
700	0.44199585679654
720	0.26508576136601
740	0.24572546923903
760	0.28056219742036
780	0.2176583688364
800	0.17728524153975
2	0.72727272727273	4.4334945310084
700	0.35983653425764
720	0.25942683061276
740	0.37789471372939
760	0.27154146766431
780	0.17014794401149
800	0.053663353377188
2	0.81818181818182	3.4151313543307
700	0.32393618175897
720	0.46619754430641
740	0.20332885515896
760	0.31590036608867
780	0.1786818367512
800	0.24877379823111
2	0.90909090909091	4.80956630438
700	0.47139874932883
720	0.2248319597926
740	0.16465334066994
760	0.34262159668249
780	0.30308355043031
800	0.18956032547674
2	1	4.8196219988476
700	0.58238756320335
720	0.17501410390381
740	0.19177304139904
760	0.53252473438595
780	0.12362070217488
800	0.10731050843581
2	1.0909090909091	4.2412366413528
700	0.24246109388964
720	0.2141491016042
740	0.31817093134285
760	0.12218190886037
780	0.10975847051268
800	0.13210207216187
2	1.2727272727273	2.9238381084101
700	0.24853174065895
720	0.33748321007105
740	0.14368476814275
760	0.099118747054467
780	0.1757706064589
800	0.13969273350626
4	0.18181818181818	3.2217265408432
700	0.48789395006639
720	0.23036771080347
740	0.19765262067005
760	0.40203928562701
780	0.15616326145673
800	0.10212202162582
4	0.36363636363636	3.959577063233
700	0.33294195391445
720	0.29160187253381
740	0.43332906564989
760	0.18769290474608
780	0.14169216786428
800	0.28373737983163
4	0.54545454545455	4.628026257581
700	0.34649317973864
720	0.39373088179483
740	0.24400296964645
760	0.2006092395242
780	0.27168572561341
800	0.24809350779682
4	0.63636363636364	4.9128176746632
700	0.46516279990219
720	0.27056290321605
740	0.22742470419065
760	0.29212611984965
780	0.24720619293686
800	0.14742257282675
4	0.72727272727273	4.4320608191387
700	0.44592268187185
720	0.25156005703546
740	0.34448859854853
760	0.28811691897889
780	0.1622700045238
800	0.15596746065977
4	0.81818181818182	4.2236596091048
700	0.42271380242653
720	0.38639874799951
740	0.37302529106646
760	0.21898010989591
780	0.1687881158627
800	0.21572856850221
4	0.90909090909091	4.739417580311
700	0.53012947918951
720	0.2203489052944
740	0.40756055818151
760	0.23688069346627
780	0.27269985500193
800	0.24159690737196
4	1	5.3086747549169
700	0.2446383556465
720	0.21367823738303
740	0.48076803725485
760	0.24409153211853
780	0.16341850688811
800	0.27491078395525
4	1.0909090909091	4.3947745456191
700	0.23388859892099
720	0.449264794873
740	0.18079911804664
760	0.14447246867481
780	0.2011646886914
800	0.26686540305357
4	1.2727272727273	4.3942493921532
700	0.25482650857221
720	0.35084653028777
740	0.12911993743092
760	0.098300134816932
780	0.18449836026413
800	0.12667474333818
6	0.18181818181818	3.1998342527225
700	0.55978658033044
720	0.20269346757004
740	0.18100727777985
760	0.40519290955428
780	0.1317866324097
800	0.11520415436569
6	0.36363636363636	4.0842757976913
700	0.30068976141179
720	0.28371990177509
740	0.44380175703839
760	0.17431933148533
780	0.16196146594746
800	0.30577000017563
6	0.54545454545455	4.7172674913604
700	0.32920557491406
720	0.42417324516118
740	0.23555724423504
760	0.19869620471605
780	0.28921984170362
800	0.22003717480924
6	0.63636363636364	4.8047339366512
700	0.45467814935547
720	0.26818203754384
740	0.22175996192342
760	0.29395487006177
780	0.24682567728824
800	0.13756369837253
6	0.72727272727273	4.3321245198517
700	0.36773725295899
720	0.24675670304782
740	0.33195425136368
760	0.26572381133713
780	0.28502897620806
800	0.14691548886756
6	0.81818181818182	4.3240059064048
700	0.34811806829241
720	0.35905017001249
740	0.36255521916763
760	0.1942826251581
780	0.17026259050305
800	0.22207320634005
6	0.90909090909091	4.4605696833181
700	0.39252043319484
720	0.32021725738382
740	0.30088994053073
760	0.21476207532617
780	0.24685676134326
800	0.2353926168083
6	1	4.8213943383745
700	0.27841852797051
720	0.34202477855369
740	0.37551220089597
760	0.23113902689092
780	0.25513605267639
800	0.18400480464586
6	1.0909090909091	4.3785556918594
700	0.19901861304092
720	0.2033991045238
740	0.19713205375443
760	0.20846967656573
780	0.30997206642146
800	0.19453063553916
6	1.2727272727273	3.8707462648698
700	0.26869619305392
720	0.3549670369943
740	0.12400277042334
760	0.095176571536699
780	0.18909293281413
800	0.119451248404
8	0.18181818181818	3.2088106402407
700	0.60221395877059
720	0.16239586726909
740	0.18240500167703
760	0.40017574092405
780	0.12318874559179
800	0.10322134986275
8	0.36363636363636	4.0123388268242
700	0.31164584962257
720	0.272943937233
740	0.4310693996193
760	0.15884017875107
780	0.16448079482535
800	0.30853783192811
8	0.54545454545455	4.7105940350434
700	0.32796919226517
720	0.45742999744694
740	0.22551966655692
760	0.18850666158381
780	0.30429824418019
800	0.20973166938228
8	0.63636363636364	4.8312918732126
700	0.44873996069876
720	0.28038504629465
740	0.22190763588146
760	0.29984702974689
780	0.24712583775369
800	0.13124427450382
8	0.72727272727273	4.3129145168104
700	0.33812458680119
720	0.24411014382399
740	0.32660756880203
760	0.2607627518876
780	0.15598097409069
800	0.15023604793525
8	0.81818181818182	3.7761043360896
700	0.31851650003376
720	0.35638393011714
740	0.31915521061142
760	0.18075497704283
780	0.16916553187634
800	0.21799304461289
8	0.90909090909091	4.2656718749521
700	0.36331864364077
720	0.38329004970072
740	0.24573132963019
760	0.21127257227438
780	0.25022395036166
800	0.20942817839571
8	1	4.6474374697829
700	0.31289852863548
720	0.33475962577974
740	0.32305728389775
760	0.24188294053184
780	0.26377151214399
800	0.15243661627744
8	1.0909090909091	4.2541226647406
700	0.23772953668723
720	0.19676976260209
740	0.22658465657106
760	0.23681646062466
780	0.2652745196983
800	0.18357424127376
8	1.2727272727273	3.8243136329145
700	0.2961645542881
720	0.3552637203335
740	0.12086730725497
760	0.094521959766895
780	0.19074376934709
800	0.13110760060379
10	0.18181818181818	3.3593875761746
700	0.61825030844482
720	0.19774179484299
740	0.18437864643673
760	0.38957029746023
780	0.12992648982046
800	0.10077210475731
10	0.36363636363636	4.1243147820385
700	0.30424880953483
720	0.31156728191352
740	0.41719750041323
760	0.15566344446137
780	0.16612066179196
800	0.31643723654796
10	0.54545454545455	4.7998971683697
700	0.31751439408364
720	0.48690778390564
740	0.21922972792052
760	0.1853686963129
780	0.30721423277514
800	0.19125160695158
10	0.63636363636364	4.746989143232
700	0.44817842256545
720	0.25051737686539
740	0.22397738945872
760	0.30450532439368
780	0.24724864786649
800	0.11328465271098
10	0.72727272727273	4.1519346099453
700	0.3386999742187
720	0.31544323699614
740	0.32478667925336
760	0.25911837677026
780	0.16031387103008
800	0.1373646843429
10	0.81818181818182	3.8560211728879
700	0.3100965738071
720	0.33966082170888
740	0.29753579227002
760	0.17703262787836
780	0.17180291173241
800	0.22477692651351
10	0.90909090909091	4.2251433022489
700	0.3587714260084
720	0.33948437449938
740	0.22411426288156
760	0.20892242151429
780	0.25090930921645
800	0.18699789817989
10	1	4.3803775009385
700	0.34458180730825
720	0.37433055148968
740	0.30412224516129
760	0.2543030028473
780	0.24698151108117
800	0.14391435716517
10	1.0909090909091	4.3105568239544
700	0.52934095779824
720	0.21070298051379
740	0.2507255815608
760	0.22930498063487
780	0.2424923865705
800	0.17982162693137
10	1.2727272727273	4.5959599426309
