700	0.16446313713609
720	0.14805279522777
740	0.25892911963355
760	0.1056394529709
780	0.078075068376931
800	0.15157454990893
0.1	0.18181818181818	2.469930875475
700	0.15248674489038
720	0.15789501529769
740	0.27614752014467
760	0.29681291528137
780	0.093926933043606
800	0.18833685699431
0.1	0.36363636363636	3.0775375175753
700	0.37554563685723
720	0.21611117323037
740	0.22817526316066
760	0.092160948782136
780	0.13005248960998
800	0.23126044109099
0.1	0.54545454545455	3.8202353282629
700	0.25728787047565
720	0.24136294773543
740	0.27906741490104
760	0.093093644624869
780	0.16113114626123
800	0.28403487949374
0.1	0.63636363636364	4.0319209229247
700	0.18047937585596
720	0.2735298426524
740	0.36600846471247
760	0.093452385477539
780	0.19200082540673
800	0.26422394770645
0.1	0.72727272727273	3.9778469241163
700	0.15951416943254
720	0.30533370997099
740	0.29321094663107
760	0.0962935172551
780	0.22717853277583
800	0.16566230552285
0.1	0.81818181818182	3.4253829039744
700	0.15703067293263
720	0.33556703209785
740	0.19117468783446
760	0.096766134064797
780	0.28556580380847
800	0.13055708595896
0.1	0.90909090909091	3.3509290431509
700	0.15520801183825
720	0.42304908279195
740	0.15079244503962
760	0.10442327866912
780	0.50841446204123
800	0.11258470652691
0.1	1	4.1785230130863
700	0.15334335454549
720	0.56970366985684
740	0.14737046108298
760	0.11580483949627
780	0.35844626382388
800	0.10230635138689
0.1	1.0909090909091	3.887049738447
700	0.17125438334155
720	0.49419876056943
740	0.11325905873842
760	0.15103773170544
780	0.26902726919736
800	0.08925028010173
0.1	1.2727272727273	3.3999154464899
700	0.17795990471718
720	0.1706626111667
740	0.27068664515054
760	0.16427715907874
780	0.1005820445171
800	0.20938257728079
0.4	0.18181818181818	3.0992987725829
700	0.46278674843089
720	0.28970909638718
740	0.25036186642434
760	0.18938312635544
780	0.20862014465656
800	0.19079485001535
0.4	0.36363636363636	4.4457859845615
700	0.16824670150812
720	0.43856683164541
740	0.25282146852912
760	0.14504606288828
780	0.20429787608892
800	0.18713326137254
0.4	0.54545454545455	3.8025937045516
700	0.23960270639009
720	0.6079514957866
740	0.166010623408
760	0.16698507770604
780	0.41727683075965
800	0.15261398917219
0.4	0.63636363636364	4.836529194024
700	0.28881749149622
720	0.46532351978109
740	0.15147346123603
760	0.25865624846555
780	0.29680567838652
800	0.12396873017934
0.4	0.72727272727273	4.2137715343026
700	0.34662810036257
720	0.35604316308897
740	0.17714429151035
760	0.52974991368711
780	0.17501260568621
800	0.12369831567791
0.4	0.81818181818182	4.2014843041429
700	0.47544178279548
720	0.34691859918391
740	0.25816584536757
760	0.35308802603419
780	0.1820096424742
800	0.15210673939847
0.4	0.90909090909091	4.5519964044931
700	0.53861246466691
720	0.35388007310807
740	0.32006708183524
760	0.24830311614929
780	0.20606264499125
800	0.28972864120985
0.4	1	5.5697407601743
700	0.2348332507288
720	0.3412515902527
740	0.53223353614904
760	0.16478485618017
780	0.34550535871965
800	0.38483753608566
0.4	1.0909090909091	5.880399190892
700	0.23802550329123
720	0.49823135074656
740	0.12482493754745
760	0.13720848794949
780	0.29603168108066
800	0.14355863357832
0.4	1.2727272727273	4.0163380484334
700	0.1824173660182
720	0.19266461923675
740	0.24418025922979
760	0.14767717270386
780	0.1237432767969
800	0.23116446823164
0.7	0.18181818181818	3.3118403264424
700	0.44543734420413
720	0.43304355995558
740	0.22348502402309
760	0.21267323884351
780	0.31562613239688
800	0.1531351072688
0.7	0.36363636363636	4.8507492775723
700	0.28052567362934
720	0.46381534866902
740	0.24516871923896
760	0.22705088607856
780	0.27505417243892
800	0.17061292146544
0.7	0.54545454545455	4.4554930643187
700	0.32417012037698
720	0.45932209886944
740	0.18296424098912
760	0.25211758713036
780	0.30694431318489
800	0.11914033638084
0.7	0.63636363636364	4.3373237603556
700	0.55354997665274
720	0.29670079118048
740	0.18571724729462
760	0.40866602023384
780	0.20660377663184
800	0.11914390995909
0.7	0.72727272727273	4.563051359147
700	0.53847431602612
720	0.30395946394764
740	0.29545104832675
760	0.284143161805
780	0.18502339013637
800	0.15959259427401
0.7	0.81818181818182	4.6307034037293
700	0.42629113351181
720	0.36252488804492
740	0.47731443031017
760	0.14153224958126
780	0.23003293147056
800	0.22069234981341
0.7	0.90909090909091	4.9504365797059
700	0.26932013531552
720	0.4193294758679
740	0.26604052048696
760	0.13844502201677
780	0.2768304076052
800	0.25370027824699
0.7	1	4.7211964909001
700	0.22073254412719
720	0.54232137171765
740	0.21724143051764
760	0.16654877802496
780	0.56779879621797
800	0.10931374298079
0.7	1.0909090909091	4.988800093007
700	0.3617452086625
720	0.18184992160852
740	0.12531998389621
760	0.17639504748444
780	0.18233448965574
800	0.091999305129079
0.7	1.2727272727273	3.0662430444485
700	0.1898431237182
720	0.23613546036033
740	0.21738594141358
760	0.13355741848266
780	0.11673815448405
800	0.21256840020056
1	0.18181818181818	3.2269552780454
700	0.38024894382781
720	0.44885646041187
740	0.21042805435822
760	0.24259268374987
780	0.2992591434562
800	0.11423836663452
1	0.36363636363636	4.4363255831207
700	0.3424993598554
720	0.39779282873529
740	0.27413340109639
760	0.26685458812239
780	0.22986402546921
800	0.19072222491822
1	0.54545454545455	4.5593203498974
700	0.38898067502175
720	0.38091023622624
740	0.20955709344641
760	0.27658153971472
780	0.26007761908366
800	0.1665512083729
1	0.63636363636364	4.5550845443366
700	0.553632410901
720	0.31971814300365
740	0.21215549818134
760	0.38700975944387
780	0.2026774027798
800	0.14366252673306
1	0.72727272727273	4.7417100013694
700	0.35171184556404
720	0.3383693368529
740	0.37951010427158
760	0.22161250612718
780	0.22980847496675
800	0.15558931058106
1	0.81818181818182	4.3052487550034
700	0.29029166073023
720	0.42486196482093
740	0.28008442844437
760	0.13161491189752
780	0.26603937948688
800	0.26332668439975
1	0.90909090909091	4.8179255324126
700	0.27805817896597
720	0.68025331504966
740	0.15903776371227
760	0.12787834480321
780	0.42903436756832
800	0.17277722310866
1	1	5.1845218225655
700	0.25751824458856
720	0.35239976375629
740	0.16803217380337
760	0.1891977755392
780	0.18918742154084
800	0.084575471379646
1	1.0909090909091	3.1721745870655
700	0.42291646833509
720	0.16088932371406
740	0.1622260883634
760	0.27099541579015
780	0.13406258610043
800	0.10992316801781
1	1.2727272727273	3.3371868130161
700	0.20118017828859
720	0.27024257420244
740	0.18779790083507
760	0.11880731871177
780	0.14330437151972
800	0.18861928264533
1.5	0.18181818181818	3.2175741263192
700	0.36680951737351
720	0.39692054108884
740	0.20953093408207
760	0.29143589657473
780	0.24811550278767
800	0.10572946921791
1.5	0.36363636363636	4.1371327768239
700	0.38491324695586
720	0.34296637422094
740	0.32737028175628
760	0.26402171667012
780	0.18492942077729
800	0.21983571329569
1.5	0.54545454545455	4.644666375046
700	0.4072682585907
720	0.36426370683538
740	0.23909420590122
760	0.2527980688856
780	0.24484609797721
800	0.2030762944006
1.5	0.63636363636364	4.7370658226605
700	0.46874559757492
720	0.34772715477638
740	0.23238908780398
760	0.33702279155198
780	0.23170656571571
800	0.15421463460595
1.5	0.72727272727273	4.6670082401149
700	0.27724570577116
720	0.34722657697231
740	0.39136775404062
760	0.2166124568761
780	0.23207246275544
800	0.16497969435955
1.5	0.81818181818182	4.1828055307084
700	0.25289430542917
720	0.57062636991901
740	0.20231305091795
760	0.16407090932205
780	0.23331559530826
800	0.2431990193789
1.5	0.90909090909091	4.7277796842017
700	0.286014680244
720	0.26795717882107
740	0.13571424417658
760	0.17729410862417
780	0.34279809590586
800	0.13553713932781
1.5	1	3.881775860062
700	0.29352119508527
720	0.19832679208754
740	0.16212231648145
760	0.21407313906881
780	0.13533355045925
800	0.081748964647573
1.5	1.0909090909091	2.7833061532748
700	0.44479759808167
720	0.18481367687087
740	0.22168705628552
760	0.2640287738978
780	0.11636934491945
800	0.12264092674099
1.5	1.2727272727273	3.524170858611
700	0.23206853591553
720	0.29644499262195
740	0.17222027923493
760	0.11367121048791
780	0.15293982120242
800	0.17457721919482
2	0.18181818181818	3.2805347700862
700	0.35290124306061
720	0.3300736890891
740	0.2034110634064
760	0.33149111980372
780	0.21022082766067
800	0.11192284526506
2	0.36363636363636	3.92180230708
700	0.36191149238069
720	0.34010376784288
740	0.36246758746238
760	0.2398913465918
780	0.17109016843755
800	0.23816027285812
2	0.54545454545455	4.6380203740486
700	0.40016435563944
720	0.37683099064103
740	0.24378628083486
760	0.22904343775167
780	0.24567851988898
800	0.22488691474757
2	0.63636363636364	4.8440638871243
700	0.42947192569753
720	0.32212408966963
740	0.22969652691631
760	0.31222475701061
780	0.23704580205444
800	0.15628578056433
2	0.72727272727273	4.4897052395924
700	0.29271625243999
720	0.31035599919582
740	0.3646693522932
760	0.24253881574877
780	0.19261496057308
800	0.15942615495079
2	0.81818181818182	3.9863348812808
700	0.22396856438456
720	0.49864504646828
740	0.19922025799441
760	0.26968944265194
780	0.19641878078902
800	0.2401491128527
2	0.90909090909091	4.5201217137297
700	0.30476766327743
720	0.20837202329958
740	0.14467426113235
760	0.31895611466281
780	0.28293544629813
800	0.045480978793146
2	1	3.2995561384124
700	0.33637376730757
720	0.17097124232157
740	0.16956047723189
760	0.44815225622597
780	0.12844606726034
800	0.091800431361937
2	1.0909090909091	3.2867594825348
700	0.29954991848515
720	0.20438766259208
740	0.32670460712464
760	0.17143924300843
780	0.11506846963058
800	0.12615820353188
2	1.2727272727273	3.1424336689516
700	0.25007352650427
720	0.34457202386536
740	0.13824591622807
760	0.10102684970292
780	0.17980769182248
800	0.14032529513687
4	0.18181818181818	3.2554105942194
700	0.50597410082432
720	0.22813508328437
740	0.18423559547211
760	0.40520053279237
780	0.14743106138082
800	0.12127136012551
4	0.36363636363636	4.0801219375845
700	0.3156102417248
720	0.29222777470438
740	0.45021531393392
760	0.1816091254901
780	0.11227868401998
800	0.32945343034279
4	0.54545454545455	4.7627601186009
700	0.33777507989883
720	0.40659439052301
740	0.17685144632082
760	0.19824011582281
780	0.26218756280539
800	0.23436670806829
4	0.63636363636364	4.7096376385812
700	0.46532097416342
720	0.27275388524677
740	0.22300798627744
760	0.2903905922683
780	0.24130281980921
800	0.1423215909988
4	0.72727272727273	4.3764315808925
700	0.43610820380556
720	0.25693605095026
740	0.33995746475007
760	0.28522831797377
780	0.17565092620824
800	0.17098281698228
4	0.81818181818182	4.3355136645362
700	0.43720690039457
720	0.36637545148979
740	0.38782268373589
760	0.21492227531904
780	0.16338251840032
800	0.20618230210204
4	0.90909090909091	4.673878511102
700	0.4170013265705
720	0.26086542561071
740	0.35944506848526
760	0.24425357228581
780	0.26382739817029
800	0.23740796473057
4	1	4.9648143023698
700	0.25969631389118
720	0.27273167402189
740	0.4675343925032
760	0.22947194479014
780	0.21234839777387
800	0.20842505067895
4	1.0909090909091	4.2894319088165
700	0.20709548977239
720	0.24908388735256
740	0.16442267308332
760	0.19183226668871
780	0.24414681366828
800	0.24001613178217
4	1.2727272727273	3.9587253714117
700	0.27799215024264
720	0.35618445387382
740	0.12670862827281
760	0.11015261934665
780	0.18902546946822
800	0.12950070041098
6	0.18181818181818	3.3269950833658
700	0.5926510691142
720	0.19711714917077
740	0.18397179645079
760	0.40071574002997
780	0.12736633451607
800	0.09794681980811
6	0.36363636363636	4.041937636537
700	0.30677554472813
720	0.29106703498459
740	0.42996496891195
760	0.15578953040991
780	0.16644057657986
800	0.31105445662999
6	0.54545454545455	4.7496444367825
700	0.35848091162601
720	0.43335737458398
740	0.22763556845543
760	0.1983181385944
780	0.30112283732598
800	0.20443642738269
6	0.63636363636364	4.8444172577241
700	0.44597378263154
720	0.26461528697992
740	0.22489505975127
760	0.30875087222223
780	0.24371758676223
800	0.13597346542979
6	0.72727272727273	4.3078744476411
700	0.33204168857068
720	0.2512021738889
740	0.33233489551696
760	0.24244277716298
780	0.15675569896775
800	0.14950221540211
6	0.81818181818182	3.7480438948065
700	0.32391841751935
720	0.36220073942733
740	0.31664386111182
760	0.18508833212861
780	0.17349762697842
800	0.22743152540882
6	0.90909090909091	4.3699821511411
700	0.35681725256692
720	0.37876112664131
740	0.23671980976863
760	0.21822046131167
780	0.25426971962616
800	0.21215273394939
6	1	4.6512008929146
700	0.31542429706319
720	0.32452552693506
740	0.32996198771432
760	0.23917186686777
780	0.27437937249844
800	0.14733175458183
6	1.0909090909091	4.2514834373654
700	0.25118287166403
720	0.15923473700032
740	0.20378720381142
760	0.25570576655174
780	0.25323813847336
800	0.18915858576735
6	1.2727272727273	3.7799145654348
700	0.2597023804277
720	0.31687619858466
740	0.12083733844958
760	0.0950601683703
780	0.19351649717156
800	0.1226133989402
8	0.18181818181818	3.1362595056708
700	0.60996351178441
720	0.14462710964149
740	0.18700333992425
760	0.38684528142745
780	0.11811136791238
800	0.088235865465956
8	0.36363636363636	3.8721871871434
700	0.29441173835051
720	0.20046589061112
740	0.41219830144723
760	0.15748093011746
780	0.16973646252961
800	0.31185667939903
8	0.54545454545455	4.5266354657843
700	0.42069836240353
720	0.44043073300897
740	0.21995977195189
760	0.18838519104472
780	0.31584065873921
800	0.19149281706221
8	0.63636363636364	4.9841485926491
700	0.42457412436283
720	0.20407993650749
740	0.23090442083062
760	0.30609107327784
780	0.24233612458659
800	0.11257339087706
8	0.72727272727273	3.9790078422207
700	0.34245443106998
720	0.25441654636366
740	0.33156011775488
760	0.24966697980405
780	0.15457401934825
800	0.15399648646415
8	0.81818181818182	3.8148685552749
700	0.28447824726757
720	0.33823712238374
740	0.28103161726549
760	0.17223800994073
780	0.173848613667
800	0.20812334290539
8	0.90909090909091	4.0269899268257
700	0.34988753587292
720	0.36499140198073
740	0.20447612902881
760	0.21408950454946
780	0.26609620320858
800	0.20393547881743
8	1	4.548984960241
700	0.36123619800941
720	0.28559498959931
740	0.30230693187577
760	0.25096364108611
780	0.2589981594643
800	0.12469699091473
8	1.0909090909091	4.09505572467
700	0.70403694392493
720	0.15926146372333
740	0.23283936445546
760	0.23256191380709
780	0.22620512586751
800	0.17596778813247
8	1.2727272727273	4.8896019586728
700	0.31726614373832
720	0.44522769463002
740	0.1173286333376
760	0.094317341651515
780	0.19034823791512
800	0.114577327489
10	0.18181818181818	3.4969423389098
700	0.63378021637105
720	0.20246179219873
740	0.18987665065046
760	0.37176176556206
780	0.091434307422172
800	0.05065058650719
10	0.36363636363636	3.7125251265656
700	0.32225783875969
720	0.38814925785819
740	0.39585598033138
760	0.1575761200091
780	0.18418875300228
800	0.32957723608063
10	0.54545454545455	5.1292801514396
700	0.29286967586992
720	0.42841883506603
740	0.21544932868268
760	0.18630469997551
780	0.33590943656033
800	0.20888590361425
10	0.63636363636364	4.7642092717699
700	0.433864558952
720	0.19743015847108
740	0.23250551044436
760	0.31128489397322
780	0.23264187446907
800	0.12326202705761
10	0.72727272727273	4.0326536274307
700	0.30664950756374
720	0.28120913461625
740	0.33169715439094
760	0.2477189165913
780	0.1389875538054
800	0.11900325665045
10	0.81818181818182	3.4960960094171
700	0.30634807280116
720	0.33763820499104
740	0.2663905010383
760	0.16919077627697
780	0.16431809870227
800	0.23350902015577
10	0.90909090909091	4.1847726248096
700	0.35408936804423
720	0.39518618820274
740	0.1927072411844
760	0.2126526565851
780	0.26749604772648
800	0.17503028547414
10	1	4.4351752686708
700	0.3984735145683
720	0.26625712911035
740	0.29317383464628
760	0.26564535475482
780	0.24830270372515
800	0.10914621584515
10	1.0909090909091	4.0419330526689
700	0.75155286107235
720	0.079589062027919
740	0.25739335842983
760	0.21312390905668
780	0.22696956426253
800	0.18016350174536
10	1.2727272727273	4.888060456055
