700	0.16804730977858
720	0.26202114744703
740	0.098666645921293
760	0.10039519478368
780	0.18837457198048
800	0.085584057621239
1	0.18181818181818	2.5011210934297
700	0.22647268616015
720	0.15816273330359
740	0.22280342339376
760	0.1441469587165
780	0.088812257917473
800	0.10207627295184
1	0.36363636363636	2.4247796817506
700	0.23679233023696
720	0.22201877733593
740	0.16449156220318
760	0.15016615669179
780	0.14313602820132
800	0.102766961479
1	0.54545454545455	2.7218674612275
700	0.26529844457198
720	0.20438685249398
740	0.16021258227488
760	0.14407234956059
780	0.12321180654295
800	0.10572152586125
1	0.63636363636364	2.6978739117162
700	0.24370073500065
720	0.16554688455357
740	0.15131587223338
760	0.15383489792302
780	0.13338274153818
800	0.10150744106157
1	0.72727272727273	2.5731674090995
700	0.19504641944468
720	0.16897354431466
740	0.18843666355761
760	0.14792952504941
780	0.10044104773303
800	0.084025454593137
1	0.81818181818182	2.2532606381651
700	0.21149576583655
720	0.22209295999961
740	0.15158344218985
760	0.10379498465728
780	0.093373275465358
800	0.10188175423361
1	0.90909090909091	2.3722930260824
700	0.25535538538095
720	0.15672073998188
740	0.11559612842561
760	0.11628643630566
780	0.13218832730249
800	0.10732125647129
1	1	2.5122085857435
700	0.18802390821152
720	0.14059072289286
740	0.15371775105114
760	0.15739395688543
780	0.1021576333442
800	0.067790774773048
1	1.0909090909091	2.0555770803506
700	0.24738109644562
720	0.1623006344804
740	0.10883340374989
760	0.094679871999299
780	0.099514350941853
800	0.10552872220265
1	1.2727272727273	2.3281474325789
700	0.18032621567693
720	0.28096795310534
740	0.11841636934943
760	0.081069908232888
780	0.1525781126947
800	0.12068061769845
1.4	0.18181818181818	2.651607926408
700	0.32522674215577
720	0.15932597086246
740	0.1576752475696
760	0.21843571863888
780	0.10845445278084
800	0.072071357611082
1.4	0.36363636363636	2.64030409905
700	0.21550664827431
720	0.2451789208029
740	0.20792810319697
760	0.2048742261474
780	0.13698595983359
800	0.14875298866402
1.4	0.54545454545455	3.1112768921823
700	0.4588301962783
720	0.2498448489645
740	0.17051963405064
760	0.36445361731314
780	0.15747348951243
800	0.1244850908324
1.4	0.63636363636364	3.9606564978627
700	0.33542473422786
720	0.21087955895212
740	0.18350944333801
760	0.18217878789572
780	0.14697642660356
800	0.11862067587366
1.4	0.72727272727273	3.1671969749129
700	0.29074640491347
720	0.19737075618896
740	0.53845528742834
760	0.16943156449019
780	0.1318759119924
800	0.25657849596825
1.4	0.81818181818182	4.2146040414791
700	0.26414591345475
720	0.26531229021992
740	0.21361732569524
760	0.15425978174714
780	0.12898279758861
800	0.16404727747241
1.4	0.90909090909091	3.2774523405002
700	0.27279239175671
720	0.43378685622382
740	0.18650447630623
760	0.15789361551897
780	0.36582501466813
800	0.11998804159051
1.4	1	4.2020301032333
700	0.52507281908648
720	0.24671613327041
740	0.19683585125616
760	0.22248559099369
780	0.1708337454444
800	0.10386061741455
1.4	1.0909090909091	3.8605524771839
700	0.36309077837074
720	0.24904662931497
740	0.58727282338172
760	0.16446602010045
780	0.12382581033952
800	0.12733997873851
1.4	1.2727272727273	3.7645730060106
700	0.24561185578712
720	0.26207124169157
740	0.13799027260984
760	0.081127677491179
780	0.14269441507672
800	0.14565083479535
1.8	0.18181818181818	2.9394005961942
700	0.33729827790333
720	0.19518910022785
740	0.18444789257268
760	0.22872530695072
780	0.1484910505979
800	0.079977977966662
1.8	0.36363636363636	2.9902330538355
700	0.24181565595
720	0.53603975119067
740	0.25984255479195
760	0.18361467170911
780	0.20677653101712
800	0.14862797187752
1.8	0.54545454545455	4.0597477241793
700	0.27946173070402
720	0.27479722067742
740	0.24108964053703
760	0.29000371252476
780	0.16811786707169
800	0.16287395151051
1.8	0.63636363636364	3.7351458937748
700	0.51569619274865
720	0.29647947270784
740	0.19644449152669
760	0.37763622044886
780	0.16968485129377
800	0.15329194143961
1.8	0.72727272727273	4.4910036739733
700	0.33721044445045
720	0.26637434236121
740	0.34872496897576
760	0.18885593206016
780	0.18290833079721
800	0.13647530809424
1.8	0.81818181818182	3.7391892974869
700	0.3390590757378
720	0.2644253293549
740	0.248160106139
760	0.20662350959038
780	0.1674993043362
800	0.33122488429209
1.8	0.90909090909091	4.7732045908161
700	0.30619008958728
720	0.40492242621004
740	0.22620639367259
760	0.20188919728623
780	0.20271928423459
800	0.13041385678659
1.8	1	3.8385674379321
700	0.38006682685697
720	0.28238592332136
740	0.22583286826254
760	0.20453978493337
780	0.18553258530173
800	0.13390426238828
1.8	1.0909090909091	3.7617541897461
700	0.41646468410411
720	0.23208146038602
740	0.32229210146226
760	0.19138630620472
780	0.1675357276366
800	0.13503658211436
1.8	1.2727272727273	3.8022711233186
700	0.23181421045928
720	0.25357030434594
740	0.15403784108781
760	0.084183315248016
780	0.13639134835521
800	0.16192142416647
2.2	0.18181818181818	2.9839191873568
700	0.33168142681676
720	0.23290230863867
740	0.25826766511577
760	0.22696618205573
780	0.18514441988503
800	0.10053310682478
2.2	0.36363636363636	3.3963881273853
700	0.32544287518976
720	0.57699401919578
740	0.2654130179913
760	0.22213327478021
780	0.34479868295684
800	0.1540320672668
2.2	0.54545454545455	4.981494337763
700	0.29171108037591
720	0.29435824081146
740	0.28456963716285
760	0.2121951873758
780	0.20871831546465
800	0.16779409312401
2.2	0.63636363636364	3.9093500999126
700	0.54260392178066
720	0.25360414951722
740	0.28250630850724
760	0.40594071819604
780	0.15973625749839
800	0.17972216870186
2.2	0.72727272727273	4.7587722600732
700	0.29683065399823
720	0.30907248651266
740	0.29328590588944
760	0.177037856955
780	0.17128850799382
800	0.18891713034906
2.2	0.81818181818182	3.8998738934345
700	0.29330279827666
720	0.34076376176628
740	0.24839618411527
760	0.16393721721254
780	0.21129988024134
800	0.1989176357787
2.2	0.90909090909091	4.0815176576741
700	0.33436340532035
720	0.39750369810624
740	0.18653062393606
760	0.19823644155347
780	0.2508363801842
800	0.13465761579551
2.2	1	4.04690164872
700	0.35751098024799
720	0.25624725382892
740	0.19742325034486
760	0.2624965955123
780	0.20156465373581
800	0.11301858540737
2.2	1.0909090909091	3.6365751917992
700	0.31029690428987
720	0.2434284681522
740	0.32887303403805
760	0.1862073588902
780	0.13614517123978
800	0.14412634682634
2.2	1.2727272727273	3.4651303615627
700	0.20241470239313
720	0.23789632445598
740	0.18850304793049
760	0.10371329938928
780	0.1036604454251
800	0.19282321824976
4	0.18181818181818	3.0137098433655
700	0.36311679527309
720	0.35700238610953
740	0.30545069592339
760	0.23250629582364
780	0.23902468686758
800	0.13119874407291
4	0.36363636363636	4.1872431200679
700	0.41295299409953
720	0.32210267489454
740	0.26891344399595
760	0.28680617571469
780	0.18806186581231
800	0.18069395753765
4	0.54545454545455	4.4210316474197
700	0.47456590184511
720	0.321685086216
740	0.22180861629056
760	0.30477665612822
780	0.21713995263321
800	0.16331888065496
4	0.63636363636364	4.5662167713667
700	0.5371393925988
720	0.21788290575271
740	0.24889637448686
760	0.34932555751191
780	0.15802884681238
800	0.15083532258593
4	0.72727272727273	4.3521268231091
700	0.40553016464783
720	0.21019617157319
740	0.41029454605577
760	0.26522936726221
780	0.14099806109001
800	0.18205204012176
4	0.81818181818182	4.1493167557123
700	0.34883190523781
720	0.32099187096581
740	0.32659189685661
760	0.23455282202142
780	0.14924688679193
800	0.30778814733682
4	0.90909090909091	4.852783516905
700	0.35283206381157
720	0.5278661347482
740	0.23613005060909
760	0.20820889153666
780	0.29191496959831
800	0.1908665578794
4	1	4.9332408797001
700	0.41179275852365
720	0.33703691864144
740	0.26720293214124
760	0.30871374756844
780	0.23326126768546
800	0.12342192228986
4	1.0909090909091	4.297254194747
700	0.33387321042763
720	0.21366487409152
740	0.34900454474639
760	0.23938716461263
780	0.13094000759693
800	0.16763558948881
4	1.2727272727273	3.7094626600012
700	0.19453077127769
720	0.2372989207884
740	0.20414891085982
760	0.11998755471129
780	0.12111632613523
800	0.20412430459561
6	0.18181818181818	3.1679957096845
700	0.37576698028152
720	0.41360667524409
740	0.24010824858956
760	0.23784969654387
780	0.28897561361137
800	0.11745401619679
6	0.36363636363636	4.3629043820537
700	0.36918118262346
720	0.36303058885419
740	0.27494416370157
760	0.27915530618644
780	0.21101195664764
800	0.19508250008715
6	0.54545454545455	4.5445794334792
700	0.4267267029827
720	0.34037222539996
740	0.20745054981065
760	0.29594988321258
780	0.2408373962755
800	0.16352265475719
6	0.63636363636364	4.5219771084413
700	0.56332856984725
720	0.27490291414347
740	0.22098950199113
760	0.39029426841567
780	0.21660442468864
800	0.14213246984059
6	0.72727272727273	4.7348140853967
700	0.3789212193674
720	0.25300131615357
740	0.38565237359329
760	0.23848668454342
780	0.18277459196927
800	0.16148479777856
6	0.81818181818182	4.1108853600838
700	0.33842004052579
720	0.37046878909571
740	0.29647945359093
760	0.19659770655386
780	0.18161633125071
800	0.2832404939139
6	0.90909090909091	4.7906169772845
700	0.34962635700356
720	0.56513057042583
740	0.16815643043414
760	0.23023576059601
780	0.32022452281926
800	0.1668896453391
6	1	4.9089927595357
700	0.38164127901607
720	0.34408935026125
740	0.17868669338896
760	0.27483132471208
780	0.221388830799
800	0.087472546718373
6	1.0909090909091	3.7984154420872
700	0.47581383659912
720	0.15664372738696
740	0.18311377944364
760	0.28210961346267
780	0.11974764664007
800	0.11285385420697
6	1.2727272727273	3.4900221978708
700	0.19143745919193
720	0.23704246452672
740	0.21329338140513
760	0.12882789474967
780	0.11432390905832
800	0.20946642051411
8	0.18181818181818	3.1928507178573
700	0.37917528053241
720	0.44384265515032
740	0.21565246516754
760	0.24079924804194
780	0.30071208186119
800	0.11494426747403
8	0.36363636363636	4.4359895355965
700	0.35138503643175
720	0.38909488736359
740	0.27292696354502
760	0.27172388587144
780	0.22755345826736
800	0.19390034092144
8	0.54545454545455	4.5844955215048
700	0.40131184984245
720	0.37151493678995
740	0.20455512848279
760	0.28315596014928
780	0.24697707074143
800	0.16490735387596
8	0.63636363636364	4.5187602001122
700	0.55814464897577
720	0.31546482422855
740	0.21121376051243
760	0.39084235102617
780	0.19786117066334
800	0.14185506297609
8	0.72727272727273	4.7228341654132
700	0.35974050520237
720	0.31773984902112
740	0.3799104821156
760	0.2279010819398
780	0.21956975222559
800	0.15638446768365
8	0.81818181818182	4.2650005607419
700	0.30107618739929
720	0.41840336543865
740	0.28687789603252
760	0.14644843673254
780	0.24078476645069
800	0.27020557865801
8	0.90909090909091	4.8197707854271
700	0.28808497811929
720	0.6393823805953
740	0.16097224083917
760	0.15136657461567
780	0.38072464699957
800	0.16635936587586
8	1	4.9587293332976
700	0.28429682065007
720	0.34525952116649
740	0.17111047565974
760	0.20153394058569
780	0.20890757278108
800	0.084377135566757
8	1.0909090909091	3.3278989664178
700	0.39092698666627
720	0.1523382300881
740	0.16878174900619
760	0.33095152406666
780	0.12301007752235
800	0.10920088747826
8	1.2727272727273	3.2930129484937
700	0.1898431237182
720	0.23613546036033
740	0.21738594141358
760	0.13355741848266
780	0.11673815448405
800	0.21256840020056
10	0.18181818181818	3.2269552780454
700	0.38024894382781
720	0.44885646041187
740	0.21042805435822
760	0.24259268374987
780	0.2992591434562
800	0.11423836663452
10	0.36363636363636	4.4363255831207
700	0.3424993598554
720	0.39779282873529
740	0.27413340109639
760	0.26685458812239
780	0.22986402546921
800	0.19072222491822
10	0.54545454545455	4.5593203498974
700	0.38898067502175
720	0.38091023622624
740	0.20955709344641
760	0.27658153971472
780	0.26007761908366
800	0.1665512083729
10	0.63636363636364	4.5550845443366
700	0.553632410901
720	0.31971814300365
740	0.21215549818134
760	0.38700975944387
780	0.2026774027798
800	0.14366252673306
10	0.72727272727273	4.7417100013694
700	0.35171184556404
720	0.3383693368529
740	0.37951010427158
760	0.22161250612718
780	0.22980847496675
800	0.15558931058106
10	0.81818181818182	4.3052487550034
700	0.29029166073023
720	0.42486196482093
740	0.28008442844437
760	0.13161491189752
780	0.26603937948688
800	0.26332668439975
10	0.90909090909091	4.8179255324126
700	0.27805817896597
720	0.68025331504966
740	0.15903776371227
760	0.12787834480321
780	0.42903436756832
800	0.17277722310866
10	1	5.1845218225655
700	0.25751824458856
720	0.35239976375629
740	0.16803217380337
760	0.1891977755392
780	0.18918742154084
800	0.084575471379646
10	1.0909090909091	3.1721745870655
700	0.42291646833509
720	0.16088932371406
740	0.1622260883634
760	0.27099541579015
780	0.13406258610043
800	0.10992316801781
10	1.2727272727273	3.3371868130161
700	0.18889333692842
720	0.23403741324611
740	0.22305187360111
760	0.13624045961616
780	0.10637444160276
800	0.21459593875395
12	0.18181818181818	3.2065719995773
700	0.38058532495469
720	0.45921550495656
740	0.20809509627127
760	0.24377942139854
780	0.29843304303724
800	0.11401165893793
12	0.36363636363636	4.453224896904
700	0.33729924485945
720	0.4029092504438
740	0.27467815813914
760	0.26355927352454
780	0.2256908582031
800	0.18883306821118
12	0.54545454545455	4.5236760537582
700	0.38091924868769
720	0.386823685885
740	0.21231398621725
760	0.26906733411916
780	0.27680897346452
800	0.16812570694687
12	0.63636363636364	4.6047069321347
700	0.55044006767383
720	0.30733640236075
740	0.21139705454445
760	0.38325343240362
780	0.19885260560999
800	0.14595358845504
12	0.72727272727273	4.7002465288341
700	0.34747549877275
720	0.32095547810541
740	0.37792927838924
760	0.21079898516869
780	0.211318525253
800	0.15626320893675
12	0.81818181818182	4.1752022028148
700	0.28572247018214
720	0.39161646017587
740	0.27396666405518
760	0.1253280912983
780	0.25537373695663
800	0.2593024808327
12	0.90909090909091	4.6560622315209
700	0.24980268056871
720	0.60326090406041
740	0.15832641521642
760	0.12254537395501
780	0.40533551949688
800	0.12776379270319
12	1	4.578242502606
700	0.24772106205456
720	0.36475015675309
740	0.17454872417755
760	0.18659120312284
780	0.19951713543883
800	0.085536296008041
12	1.0909090909091	3.2161796921784
700	0.44577254060785
720	0.17633586951483
740	0.15949042772212
760	0.25922423273717
780	0.14444678485457
800	0.1112676524706
12	1.2727272727273	3.4562296899736
700	0.18826992433787
720	0.23510441021134
740	0.22158091309067
760	0.13786545217512
780	0.11953248943429
800	0.2160238402482
14	0.18181818181818	3.2637994988223
700	0.38064763069886
720	0.46776496074032
740	0.20837749571421
760	0.24461804850331
780	0.31329850795704
800	0.11394574404882
14	0.36363636363636	4.5256242885283
700	0.33393260592543
720	0.40745025832858
740	0.28095075733065
760	0.26121596041873
780	0.22848486185467
800	0.18793584233284
14	0.54545454545455	4.5318111240271
700	0.37609832576114
720	0.39041421750841
740	0.2143958208084
760	0.26509025848088
780	0.2693430782341
800	0.16951451491831
14	0.63636363636364	4.575871823834
700	0.54814043456995
720	0.28805710911414
740	0.21527112298792
760	0.38012416641766
780	0.1970546659707
800	0.14822926471794
14	0.72727272727273	4.6611913666607
700	0.34395321500731
720	0.29476830191752
740	0.37930030523143
760	0.21587236286753
780	0.18101859196716
800	0.15746493567116
14	0.81818181818182	4.0202927400213
700	0.28325862688351
720	0.35776240814056
740	0.27038969349328
760	0.12202376376581
780	0.24883508451624
800	0.25676233123648
14	0.90909090909091	4.5309247032707
700	0.26112250414666
720	0.48382843766905
740	0.15806761286549
760	0.099667728019865
780	0.33962929060618
800	0.10678252788076
14	1	3.9641715663379
700	0.24309191204554
720	0.38016655828446
740	0.16766821267243
760	0.18612785500452
780	0.22040699409313
800	0.086696995230788
14	1.0909090909091	3.307293862975
700	0.46142953864282
720	0.18379029986166
740	0.16236820534869
760	0.25471566567707
780	0.15557927570737
800	0.11263434901946
14	1.2727272727273	3.5603597733482
