700	0.16631290476627
720	0.26011424872756
740	0.098177764872062
760	0.10056968407042
780	0.19147672079287
800	0.088532896142649
1	0.18181818181818	2.5210192278672
700	0.22534948707343
720	0.20697988318709
740	0.22936513815957
760	0.14504051882114
780	0.10797302421722
800	0.10177945990029
1	0.36363636363636	2.5980653833471
700	0.51857069021171
720	0.23508950972099
740	0.16819645664669
760	0.16768446880495
780	0.15089107726614
800	0.10893321364069
1	0.54545454545455	3.650228919219
700	0.32228196872923
720	0.21056455416233
740	0.43822821936495
760	0.16906593010643
780	0.13274178570315
800	0.12203921541892
1	0.63636363636364	3.3924721060459
700	0.25772476321682
720	0.1917750407856
740	0.34784980892084
760	0.16414982790337
780	0.1386321848208
800	0.18141630991794
1	0.72727272727273	3.4317961083885
700	0.20605708715573
720	0.27483435908006
740	0.20605364956147
760	0.15593863732185
780	0.18882538659011
800	0.12293469376808
1	0.81818181818182	3.0901143979315
700	0.23260366571246
720	0.26221275547916
740	0.1609351588286
760	0.12168277492126
780	0.55133686411333
800	0.11233166658025
1	0.90909090909091	4.2639832968313
700	0.35316919276022
720	0.16675589868109
740	0.12552218664387
760	0.25802297956289
780	0.14635302461374
800	0.10732791918385
1	1	3.1117421591154
700	0.19235376834746
720	0.14818594293118
740	0.21363184452714
760	0.18091622946401
780	0.11046873415123
800	0.076127167992972
1	1.0909090909091	2.2775451776586
700	0.42090490098379
720	0.20101446447302
740	0.11795989315788
760	0.10158593865886
780	0.1214925752631
800	0.1856995192638
1	1.2727272727273	3.4902370236129
700	0.15738259602387
720	0.27520757524854
740	0.12059675346818
760	0.08032746485637
780	0.143538699064
800	0.12341552363278
1.4	0.18181818181818	2.5601013315308
700	0.32301786740606
720	0.1557756693195
740	0.14813251345801
760	0.20966193075543
780	0.1151662416505
800	0.074011991133692
1.4	0.36363636363636	2.6361288231292
700	0.17794509173047
720	0.19692999181415
740	0.21817248133723
760	0.1514400142827
780	0.12381292098234
800	0.13315232445197
1.4	0.54545454545455	2.6868046466388
700	0.20085758274029
720	0.24651320456584
740	0.16244651663684
760	0.54656949780988
780	0.13706147571187
800	0.13329664768168
1.4	0.63636363636364	3.4943023887808
700	0.26316929609872
720	0.20105073949644
740	0.13958668672043
760	0.14636740855801
780	0.15311835179947
800	0.11055995432567
1.4	0.72727272727273	2.8000507333871
700	0.25521686506068
720	0.17505647000072
740	0.16313456843975
760	0.16697863378501
780	0.12371136102488
800	0.16922035286806
1.4	0.81818181818182	3.0386334994522
700	0.23361038686533
720	0.19297225763342
740	0.18082717042273
760	0.14451131950635
780	0.11042378873542
800	0.10780718710322
1.4	0.90909090909091	2.5773171940329
700	0.23093128438054
720	0.62112882685796
740	0.16766521953582
760	0.14013400490547
780	0.12504432728289
800	0.10906089373878
1.4	1	3.4819591855671
700	0.23914206637649
720	0.22923304701316
740	0.17531627952509
760	0.15154385448739
780	0.13616052976832
800	0.097134662849477
1.4	1.0909090909091	2.6997754572361
700	0.49495478792434
720	0.20857965139275
740	0.1878302653618
760	0.17016412214434
780	0.11257989723979
800	0.10973639973805
1.4	1.2727272727273	3.4245406056499
700	0.17972487423885
720	0.24683221942336
740	0.14020892351815
760	0.081252612135744
780	0.12475127233432
800	0.15138371458266
1.8	0.18181818181818	2.6939548648566
700	0.28474596722903
720	0.20162826304909
740	0.23542841666517
760	0.18793220563356
780	0.15978481224258
800	0.091753121454139
1.8	0.36363636363636	2.9607218872199
700	0.22108994689444
720	0.67571966643868
740	0.21094492516548
760	0.17948992972259
780	0.47093696632856
800	0.10845658264053
1.8	0.54545454545455	4.9235142993386
700	0.18862784781605
720	0.21709657008037
740	0.23389127507566
760	0.15171649766565
780	0.13524040336837
800	0.13177464325187
1.8	0.63636363636364	2.8110844090536
700	0.63740029608097
720	0.26329107333424
740	0.17558243010298
760	0.68526446813879
780	0.13186611922906
800	0.14909605823677
1.8	0.72727272727273	5.0975038584546
700	0.33428944162573
720	0.25016993633715
740	0.18439587140464
760	0.16412527341869
780	0.16993015743271
800	0.12225030896048
1.8	0.81818181818182	3.3196819760273
700	0.31275630615773
720	0.21586073466902
740	0.44364952904321
760	0.18441189828809
780	0.15834115360778
800	0.15362530662709
1.8	0.90909090909091	3.6923718041862
700	0.28565052199792
720	0.40965949806414
740	0.22581988742215
760	0.18931693785822
780	0.14684788412675
800	0.22207603393451
1.8	1	4.1243876490151
700	0.27740530395575
720	0.61538225656488
740	0.215608560003
760	0.17453849408817
780	0.55540379036219
800	0.12884055731946
1.8	1.0909090909091	5.3850813869627
700	0.60851511536911
720	0.2564969805365
740	0.20534139528351
760	0.50504943658619
780	0.17280885097217
800	0.1287239882733
1.8	1.2727272727273	4.7598332422498
700	0.17378967199517
720	0.20989654987861
740	0.16638151048406
760	0.084522391049997
780	0.11543892837441
800	0.16707451398353
2.2	0.18181818181818	2.7012773433871
700	0.25840650050121
720	0.25978828490357
740	0.571976782373
760	0.1704408878839
780	0.19073706584578
800	0.14113027000426
2.2	0.36363636363636	3.8035255786472
700	0.31490876211123
720	0.26792512841356
740	0.18272157379326
760	0.22469140088675
780	0.33440585336714
800	0.10423416012428
2.2	0.54545454545455	3.8813068924277
700	0.23943464649888
720	0.33680569659134
740	0.23381722919235
760	0.18228136396943
780	0.25564365730299
800	0.11030850418603
2.2	0.63636363636364	3.5536705257253
700	0.40827339368794
720	0.21790346593907
740	0.26749393189373
760	0.23893537946702
780	0.11841626044424
800	0.14297590616934
2.2	0.72727272727273	3.6334749412757
700	0.49047016715449
720	0.25890417867142
740	0.23314537989685
760	0.21037658133643
780	0.13323678090333
800	0.14780701432193
2.2	0.81818181818182	3.9436028230461
700	0.31820298361265
720	0.29090507563417
740	0.62268902108037
760	0.14894417080279
780	0.17531986179127
800	0.17075961187441
2.2	0.90909090909091	4.18892456424
700	0.30391188633814
720	0.33046452260599
740	0.26750694068951
760	0.16474970277795
780	0.20081376285544
800	0.26537657509082
2.2	1	4.4817336214042
700	0.3331556121719
720	0.60870599615878
740	0.20798101096417
760	0.19620064695139
780	0.38632083526366
800	0.13379058776191
2.2	1.0909090909091	4.9798963490064
700	0.54520572573851
720	0.28296067550702
740	0.22058530444303
760	0.42020056983867
780	0.18148721191095
800	0.11883597008934
2.2	1.2727272727273	4.4816392367551
700	0.17102669376743
720	0.19901244064355
740	0.21969183439518
760	0.12169265304131
780	0.10568781602359
800	0.20012728272281
4	0.18181818181818	2.9651832326378
700	0.41583371397303
720	0.34433514232889
740	0.25617542339512
760	0.16703232624558
780	0.24912277255297
800	0.16089591910865
4	0.36363636363636	4.357436794441
700	0.28494446512423
720	0.31183510214647
740	0.21436019656234
760	0.21121678396355
780	0.23589116316073
800	0.15811031200865
4	0.54545454545455	3.8759432141988
700	0.35903448886378
720	0.4112652144878
740	0.15451853344864
760	0.2721994855435
780	0.22843620695596
800	0.10395447955868
4	0.63636363636364	3.9625135331975
700	0.46985286796373
720	0.23462254996043
740	0.16892437988038
760	0.38619787799287
780	0.16537043111355
800	0.099909343443749
4	0.72727272727273	3.8744096877461
700	0.59984108759479
720	0.1951940445634
740	0.23148012383669
760	0.41055393705543
780	0.12449640574071
800	0.071974222995395
4	0.81818181818182	3.9657511356985
700	0.55659281635614
720	0.19718610153995
740	0.43330276955314
760	0.25584395813494
780	0.11941198629646
800	0.18977002071844
4	0.90909090909091	4.5350459469735
700	0.40255598518892
720	0.21804576746693
740	0.50142824748852
760	0.21869581978487
780	0.14538174674098
800	0.31124937908922
4	1	4.9924523873942
700	0.29894155384386
720	0.25353880094235
740	0.33445721994236
760	0.20267540839812
780	0.25594653644356
800	0.2033913160976
4	1.0909090909091	4.2781460463858
700	0.25386799073846
720	0.21960476772862
740	0.29321662780482
760	0.20282650402528
780	0.3267127999994
800	0.16307238780698
4	1.2727272727273	4.0387389006746
700	0.17336246974927
720	0.24669832940534
740	0.24436878749432
760	0.15018761942548
780	0.10237256712347
800	0.21297948373402
6	0.18181818181818	3.2138171775639
700	0.52519414526099
720	0.34120476189514
740	0.2301886326357
760	0.1860998300723
780	0.26216938144521
800	0.16052274151282
6	0.36363636363636	4.7067521220218
700	0.24536730749981
720	0.41500058395896
740	0.23591115432453
760	0.18445583938601
780	0.28582757017876
800	0.17837496298948
6	0.54545454545455	4.2585839489406
700	0.28463881664074
720	0.47355063561495
740	0.15109869510523
760	0.22706133226853
780	0.30864915624859
800	0.11893363291531
6	0.63636363636364	4.1772922583176
700	0.40733496287249
720	0.30740268601898
740	0.15353873127208
760	0.37444219915496
780	0.22780007782729
800	0.10423435377618
6	0.72727272727273	4.0569583615056
700	0.59196016594593
720	0.26515496366499
740	0.20758493986623
760	0.45668024372817
780	0.19607756044157
800	0.1124698530573
6	0.81818181818182	4.6370374660532
700	0.65375327052662
720	0.2639581622199
740	0.40620878839369
760	0.22674254896039
780	0.17933306641932
800	0.17178541968282
6	0.90909090909091	4.9719472136918
700	0.3940728304262
720	0.26823350387705
740	0.51148766956112
760	0.21321292936406
780	0.19218556202231
800	0.4952200543951
6	1	6.3597847013338
700	0.36317468401993
720	0.25619095215547
740	0.38626040221137
760	0.23771141303901
780	0.28259574215727
800	0.21481204029285
6	1.0909090909091	4.7543947960672
700	0.33602422571988
720	0.22605525511813
740	0.15064576819691
760	0.27213167310323
780	0.43331691170791
800	0.11058179566286
6	1.2727272727273	4.2891953336894
700	0.17525678146915
720	0.19115550710151
740	0.25671835150118
760	0.15687820600639
780	0.10314051558429
800	0.2193041244154
8	0.18181818181818	3.1732770181651
700	0.52730127208883
720	0.35213090562218
740	0.23271609255205
760	0.19127280765128
780	0.26481662404511
800	0.16421727840793
8	0.36363636363636	4.7788406520157
700	0.23565986614073
720	0.46715174005593
740	0.24102365473185
760	0.16885255778121
780	0.30581179300982
800	0.17041423973101
8	0.54545454545455	4.3412382763611
700	0.26476250602683
720	0.5408639054469
740	0.16167756301925
760	0.21304684183461
780	0.35208796780887
800	0.13484343106672
8	0.63636363636364	4.5006545478433
700	0.385245827805
720	0.35232090720318
740	0.15958250412612
760	0.35170038544407
780	0.23829249142947
800	0.11538694047344
8	0.72727272727273	4.1607771006152
700	0.5674711308054
720	0.32224806302433
740	0.20962937326285
760	0.45646861915165
780	0.20257887742997
800	0.2484181991812
8	0.81818181818182	5.5353870851311
700	0.65962946726829
720	0.32818512456255
740	0.40403909877383
760	0.20853051763561
780	0.22412656844017
800	0.17377163781613
8	0.90909090909091	5.2597961208272
700	0.35177996396801
720	0.34091511562519
740	0.50492192266721
760	0.17955525177859
780	0.24314720149898
800	0.2495032043984
8	1	5.0140075029903
700	0.24730590587434
720	0.32830538810489
740	0.42088581528106
760	0.17707537901335
780	0.31523591334002
800	0.21965935382852
8	1.0909090909091	4.6600075823881
700	0.31107451291933
720	0.25507159437363
740	0.11880933781093
760	0.19024773202811
780	0.53476778625937
800	0.11053251909677
8	1.2727272727273	4.4649802473968
700	0.17664069248337
720	0.19028855823703
740	0.26457449963941
760	0.15135346267463
780	0.10288167376044
800	0.22307058060717
10	0.18181818181818	3.197880376375
700	0.50929283846252
720	0.35005714632155
740	0.23801204724997
760	0.19157108304679
780	0.26692979202368
800	0.16693186273714
10	0.36363636363636	4.7544562239299
700	0.23213050814028
720	0.47253476040185
740	0.24133301705679
760	0.17543272816855
780	0.31174306634206
800	0.17084245876195
10	0.54545454545455	4.3774969917784
700	0.25719790900281
720	0.57485593103265
740	0.16975838444855
760	0.1908720578338
780	0.37440631416893
800	0.14657449023895
10	0.63636363636364	4.6729378373957
700	0.37710762672361
720	0.3490715540425
740	0.16655733772998
760	0.3366034918594
780	0.24009405143493
800	0.12716217245816
10	0.72727272727273	4.1923216747604
700	0.53742453894979
720	0.3122440624949
740	0.21610539635485
760	0.45180198266851
780	0.17645963815489
800	0.12784502857368
10	0.81818181818182	4.6033975487476
700	0.65592397568396
720	0.33724948117192
740	0.40967098967322
760	0.19947396027644
780	0.19450176097991
800	0.18059260561675
10	0.90909090909091	5.1946555398757
700	0.34757896175052
720	0.36173942010301
740	0.5056823824572
760	0.1704982364358
780	0.22397406418379
800	0.38957402817735
10	1	5.8123905671427
700	0.20908086612946
720	0.36077696026601
740	0.43955978656497
760	0.1521744777178
780	0.27409055393967
800	0.22062458671886
10	1.0909090909091	4.4571472795208
700	0.28112375726186
720	0.27218383440768
740	0.11224022571386
760	0.14742275376632
780	0.61931953977634
800	0.11282506864693
10	1.2727272727273	4.6524099866903
700	0.17766723036255
720	0.18044295457146
740	0.26601681234549
760	0.1587625263788
780	0.096658189516416
800	0.2255707974378
12	0.18181818181818	3.1876930618278
700	0.49176464163404
720	0.36767861334601
740	0.2442815813972
760	0.1977609486045
780	0.26533779288689
800	0.16885699183131
12	0.36363636363636	4.7646943494553
700	0.2305762908591
720	0.48296076680464
740	0.24322926147028
760	0.17421959063406
780	0.30996869436213
800	0.17288950935201
12	0.54545454545455	4.4007791075738
700	0.25363446432672
720	0.58954734716826
740	0.17958959595968
760	0.19511764930946
780	0.387030251505
800	0.15184353698988
12	0.63636363636364	4.7894681715679
700	0.37360674759082
720	0.32312102607411
740	0.1737903670552
760	0.32753712048301
780	0.23762571604026
800	0.13738190189097
12	0.72727272727273	4.1762701242267
700	0.5490624868624
720	0.29143094302039
740	0.22346274607814
760	0.44851652367533
780	0.1585973033019
800	0.13733615449446
12	0.81818181818182	4.5910914437794
700	0.6524516460736
720	0.36239982321007
740	0.41702176449901
760	0.20263241313105
780	0.16974216400247
800	0.18884100497114
12	0.90909090909091	5.2118013545218
700	0.35039445281106
720	0.34030773364485
740	0.51042568626606
760	0.16967741406136
780	0.19458288717435
800	0.20435690898562
12	1	4.5504866244244
700	0.1943765803663
720	0.36142471143922
740	0.45282925100942
760	0.15059522649572
780	0.22637416979036
800	0.22038153327689
12	1.0909090909091	4.2575773764024
700	0.26607070417707
720	0.31593007794129
740	0.11568038013592
760	0.13210397750342
780	0.42103692779548
800	0.11208807481504
12	1.2727272727273	3.9611532379528
700	0.17845300556096
720	0.17939415768398
740	0.27292138214328
760	0.16002101887319
780	0.12019332699563
800	0.22735274415283
14	0.18181818181818	3.2937848417217
700	0.47756017333845
720	0.39048832349523
740	0.24204638458176
760	0.20986819471624
780	0.27300618538197
800	0.1702659095565
14	0.36363636363636	4.8244940342375
700	0.22982263228492
720	0.46892786275477
740	0.24810399860648
760	0.17190990910605
780	0.32219973679428
800	0.17495181430125
14	0.54545454545455	4.428550676742
700	0.25173620871232
720	0.60514452291199
740	0.18481212058034
760	0.1934588036439
780	0.39169952092839
800	0.15547247219272
14	0.63636363636364	4.8584712845462
700	0.37200491272196
720	0.32795639913171
740	0.18046443176477
760	0.32285591415492
780	0.24273954322437
800	0.14540535744821
14	0.72727272727273	4.2491330960747
700	0.54648389931713
720	0.27732243617867
740	0.23272161276192
760	0.45023067029065
780	0.14876882659591
800	0.14691729027118
14	0.81818181818182	4.5921370601713
700	0.64992631289653
720	0.35313923160594
740	0.42447042262829
760	0.19693206693118
780	0.14028413781654
800	0.19723116471634
14	0.90909090909091	5.1305378434029
700	0.34981344523341
720	0.31269989648173
740	0.51849849336807
760	0.16500931818095
780	0.17472324369845
800	0.40899157295322
14	1	5.6662271592634
700	0.18736210405104
720	0.26274304023059
740	0.4629604610445
760	0.15068261229763
780	0.20025919758658
800	0.21982900762966
14	1.0909090909091	3.9513175832438
700	0.2580340379724
720	0.39699477812494
740	0.11134832698642
760	0.12671602469985
780	0.27276546993667
800	0.11712713753118
14	1.2727272727273	3.5878749677557
