700	0.17033374732055
720	0.18544416619602
740	0.099004171196584
760	0.10046636259503
780	0.18956536732956
800	0.086843373017095
1	0.18181818181818	2.3634569607221
700	0.22486945855648
720	0.13713457006575
740	0.22499477310181
760	0.14444134912996
780	0.095710840141903
800	0.10220424801772
1	0.36363636363636	2.4059591446593
700	0.3757126650978
720	0.19925403860148
740	0.16597549155245
760	0.15673657685068
780	0.14500886295593
800	0.10491047492582
1	0.54545454545455	3.1034817617766
700	0.28332142103799
720	0.23323069916058
740	0.2796950690163
760	0.15301282886086
780	0.12763260724627
800	0.11341191250349
1	0.63636363636364	3.0338129768188
700	0.24773503282229
720	0.13330760071293
740	0.23756882332656
760	0.15736896174596
780	0.1355118709193
800	0.13743543360887
1	0.72727272727273	2.8573898774067
700	0.19880096231045
720	0.20505939688747
740	0.19427833741592
760	0.15064203438465
780	0.13068646697941
800	0.098617546418592
1	0.81818181818182	2.5467894813573
700	0.21863427992237
720	0.23627722231619
740	0.15467925539715
760	0.10974905457827
780	0.39968274703528
800	0.1056341722204
1	0.90909090909091	3.5581637489357
700	0.29256969830299
720	0.16535846499487
740	0.11888985215467
760	0.16384803054262
780	0.13650170406221
800	0.10905675858519
1	1	2.7455791797301
700	0.19081461350107
720	0.14209573146949
740	0.17439218110283
760	0.1656891819893
780	0.10577249737593
800	0.070464148280842
1	1.0909090909091	2.1353274016616
700	0.31687918336195
720	0.18329775940043
740	0.11207772674483
760	0.097002959906151
780	0.10636646990872
800	0.13704973593498
1	1.2727272727273	2.7929826752143
700	0.19346126535286
720	0.28727341949541
740	0.11531379162776
760	0.08172126615322
780	0.1581145629189
800	0.1187755816707
1.4	0.18181818181818	2.707464796051
700	0.32666272895811
720	0.15872941862497
740	0.16413587410571
760	0.22566146569391
780	0.10503172927217
800	0.071749583803943
1.4	0.36363636363636	2.6490294314666
700	0.2529325943112
720	0.28251948230809
740	0.20456437878693
760	0.24528218015394
780	0.14482351053951
800	0.16119203614736
1.4	0.54545454545455	3.4614073285128
700	0.6806423589761
720	0.2629449518279
740	0.17776935189393
760	0.300646574309
780	0.17722345070865
800	0.12221807987425
1.4	0.63636363636364	4.5784196132702
700	0.389412414605
720	0.21791742533261
740	0.24998086130266
760	0.21447689812482
780	0.14863673937149
800	0.12518919928798
1.4	0.72727272727273	3.5176285628197
700	0.3095067697087
720	0.20966671740619
740	0.51358967174871
760	0.17967541684974
780	0.1327119452532
800	0.46036833483942
1.4	0.81818181818182	5.5203748942137
700	0.2810711494816
720	0.37792543763053
740	0.23972896935642
760	0.16138997836122
780	0.14792440096815
800	0.1936936565659
1.4	0.90909090909091	3.8483881259478
700	0.31997463159913
720	0.37528363418357
740	0.19489052686063
760	0.17241964058706
780	0.50420037489983
800	0.13209578086251
1.4	1	4.8218682063963
700	0.62122414565185
720	0.24270433370927
740	0.20694001092107
760	0.32857756210755
780	0.18180103778012
800	0.10885508460259
1.4	1.0909090909091	4.385987115563
700	0.31124587437875
720	0.28602160153208
740	0.41682393466561
760	0.15637292482257
780	0.12527209270665
800	0.14222167531473
1.4	1.2727272727273	3.5633896719878
700	0.26331028892367
720	0.27900720591347
740	0.13259056330425
760	0.081100563473399
780	0.14485570397335
800	0.14112312822474
1.8	0.18181818181818	2.9979641362811
700	0.38005327347655
720	0.18584015245851
740	0.17528943742919
760	0.25617517807624
780	0.13591935071595
800	0.077710424708428
1.8	0.36363636363636	3.0685445943149
700	0.26154183674893
720	0.41292557289282
740	0.29197000749686
760	0.18407190367073
780	0.17494475099302
800	0.17960354866705
1.8	0.54545454545455	3.9785155231131
700	0.38061852841768
720	0.32054693803553
740	0.24075324347076
760	0.39447460926801
780	0.19565798608181
800	0.18039364590226
1.8	0.63636363636364	4.4965622216903
700	0.42472318666187
720	0.31748621154613
740	0.21744278433776
760	0.30836558047726
780	0.19887511553557
800	0.15038669320192
1.8	0.72727272727273	4.2721507133119
700	0.35589459323023
720	0.27394382678714
740	0.42870462128188
760	0.21299736667337
780	0.19214931655441
800	0.14594900421439
1.8	0.81818181818182	4.0381297191368
700	0.35023518330309
720	0.31122557097326
740	0.23748950604212
760	0.21938133548831
780	0.1721619745037
800	0.29066099964209
1.8	0.90909090909091	4.6792433099412
700	0.31289696680879
720	0.28991178333984
740	0.23548292160268
760	0.20791555754662
780	0.24829402209385
800	0.14297135590848
1.8	1	3.883927833168
700	0.39552119118219
720	0.26500894150258
740	0.2332247266587
760	0.23423239369099
780	0.16633606290576
800	0.14282338916389
1.8	1.0909090909091	3.8143260124625
700	0.35064086264469
720	0.24059238240088
740	0.21701022496263
760	0.18284826786282
780	0.16868956820546
800	0.14427688366052
1.8	1.2727272727273	3.5477504202418
700	0.2524942063231
720	0.27346474392237
740	0.14498319322535
760	0.083601784215284
780	0.14065572776367
800	0.15484616268019
2.2	0.18181818181818	3.0436451402646
700	0.38902929844097
720	0.21568465762281
740	0.20942456837543
760	0.26767771234837
780	0.16096346296219
800	0.093595274291083
2.2	0.36363636363636	3.4031260745344
700	0.32387530697063
720	0.47224381018717
740	0.32379342624237
760	0.20746149833842
780	0.229305905162
800	0.18682527746661
2.2	0.54545454545455	4.5950162596153
700	0.3405602678898
720	0.31645817543514
740	0.30209019713254
760	0.23851064010561
780	0.21658798471523
800	0.20581443034277
2.2	0.63636363636364	4.4186258396548
700	0.4167509944658
720	0.29327817479744
740	0.28001104569569
760	0.34088532563464
780	0.19461650806315
800	0.18485038669513
2.2	0.72727272727273	4.5259495218565
700	0.29193507026798
720	0.33214774903953
740	0.32787923751211
760	0.18980671269787
780	0.19685069480475
800	0.18054470188963
2.2	0.81818181818182	4.0383118380398
700	0.31312073756873
720	0.36570986603442
740	0.22330640419567
760	0.18475115472455
780	0.22482604597114
800	0.20310760797552
2.2	0.90909090909091	4.2667521249054
700	0.38076364183611
720	0.29102869851228
740	0.19030072147783
760	0.22195845810673
780	0.26353907194142
800	0.13946626246304
2.2	1	4.080443912828
700	0.45527878833157
720	0.22890765313322
740	0.21502639331077
760	0.33116753428397
780	0.18242950518955
800	0.12091823700568
2.2	1.0909090909091	3.9750985152374
700	0.25995072218943
720	0.29022911399408
740	0.36789057736675
760	0.18028580460217
780	0.14197390126448
800	0.18569982687523
2.2	1.2727272727273	3.7293865145367
700	0.22417822443044
720	0.26917709164355
740	0.1701897491001
760	0.10446363613411
780	0.1397913723912
800	0.17746159337407
4	0.18181818181818	3.1546653981974
700	0.37698452821988
720	0.31364540677709
740	0.25502741983936
760	0.28407724844968
780	0.21412172261261
800	0.12215341521887
4	0.36363636363636	4.0175230493096
700	0.44657043528476
720	0.33121305326264
740	0.32929817176072
760	0.27132717381193
780	0.17648190827328
800	0.20826318501869
4	0.54545454545455	4.7101930960387
700	0.45075652625398
720	0.31536238652196
740	0.26850724834335
760	0.2653861678391
780	0.23445235441179
800	0.21045355938236
4	0.63636363636364	4.8258862273707
700	0.45491968710174
720	0.235141148243
740	0.27966915030976
760	0.30295150939285
780	0.18557941839983
800	0.17377499086512
4	0.72727272727273	4.3520724203766
700	0.38593045213939
720	0.23605905648219
740	0.41549038915472
760	0.25795540232628
780	0.15522624024059
800	0.20044135965469
4	0.81818181818182	4.3034609677157
700	0.34136206995906
720	0.43067003453328
740	0.26676533507198
760	0.22718542311309
780	0.17411041962437
800	0.27995520258127
4	0.90909090909091	4.8896087498712
700	0.43600579683628
720	0.31799460267689
740	0.24700941814398
760	0.21552047555367
780	0.33649401655531
800	0.16375875602709
4	1	4.7619419404695
700	0.66427891889741
720	0.21724009291854
740	0.28232122642238
760	0.46447650006225
780	0.15489865987575
800	0.13958146983337
4	1.0909090909091	4.8674411592011
700	0.23920146654222
720	0.22395933245418
740	0.66193055770483
760	0.13491685361297
780	0.12838797589692
800	0.19082018844158
4	1.2727272727273	3.8054886051607
700	0.20970819914455
720	0.26948927837996
740	0.18010193894311
760	0.11023449055494
780	0.14142065964834
800	0.18422065567635
6	0.18181818181818	3.1829482763818
700	0.36598076448497
720	0.36240947120021
740	0.22984261494206
760	0.28752785813445
780	0.23423230208736
800	0.109720366923
6	0.36363636363636	4.0571968152896
700	0.4148438662517
720	0.33194526214815
740	0.32767001792895
760	0.27379900426626
780	0.17913159734904
800	0.21626138753158
6	0.54545454545455	4.6815622803309
700	0.43299763261952
720	0.3314021210359
740	0.2479209620634
760	0.2647789453212
780	0.22986433592429
800	0.20594026672204
6	0.63636363636364	4.7377075489118
700	0.47220568953433
720	0.27063845140286
740	0.24715478092645
760	0.33106694106994
780	0.20477328832811
800	0.16047643659757
6	0.72727272727273	4.4688246601519
700	0.33212399769127
720	0.25811345508032
740	0.40023772330517
760	0.2410001552416
780	0.17470201254951
800	0.17485777385414
6	0.81818181818182	4.0626037656358
700	0.33349422731133
720	0.46826346481763
740	0.21647246137252
760	0.25726386116916
780	0.18073302425503
800	0.26977795762095
6	0.90909090909091	4.8940912382449
700	0.38003424582497
720	0.29433022431391
740	0.15068647974679
760	0.30261112486503
780	0.33211932337024
800	0.14261043320563
6	1	4.4364045366009
700	0.53249355673535
720	0.19905497648275
740	0.17886775815876
760	0.53540586587746
780	0.13968492010025
800	0.087830449497844
6	1.0909090909091	4.0765217383928
700	0.24861320423653
720	0.18830211715163
740	0.20894901633622
760	0.14054293011643
780	0.108741047268
800	0.1254395446825
6	1.2727272727273	2.7397526154491
700	0.21144324645751
720	0.26991446414643
740	0.1849419973363
760	0.12164748016024
780	0.14254378272355
800	0.18707208686897
8	0.18181818181818	3.2352147329879
700	0.35623329973177
720	0.38484850796209
740	0.2163930592312
760	0.28745967723949
780	0.2432227959316
800	0.10671484962713
8	0.36363636363636	4.072585654624
700	0.38911927969042
720	0.33944025953995
740	0.32730885682669
760	0.26755203274734
780	0.18288666631505
800	0.21880480703714
8	0.54545454545455	4.6416672474883
700	0.40727376087931
720	0.3523191324546
740	0.24147235767213
760	0.25975368073516
780	0.23884278329239
800	0.20394253296446
8	0.63636363636364	4.710943648032
700	0.46195902744117
720	0.31733181789839
740	0.23660321809919
760	0.33345083371625
780	0.22303280079465
800	0.1559422223491
8	0.72727272727273	4.5640986461156
700	0.29528190628633
720	0.30409187324446
740	0.39972373474511
760	0.22875662787708
780	0.20548955499044
800	0.18322402068559
8	0.81818181818182	4.191980673498
700	0.28101768119746
720	0.52200034374388
740	0.20328248327718
760	0.19016905746676
780	0.20517349202244
800	0.26406196439926
8	0.90909090909091	4.778959257438
700	0.2960726873916
720	0.27910570098413
740	0.13870311069115
760	0.21402770497525
780	0.33646754737378
800	0.13754810565179
8	1	3.9878988747028
700	0.31592861640763
720	0.19710911372288
740	0.16486757365564
760	0.24961726463874
780	0.1354682282828
800	0.082267074863916
8	1.0909090909091	2.9111561707568
700	0.31762553304566
720	0.18467650007673
740	0.21685358212351
760	0.18114935277499
780	0.11146865890254
800	0.12233960751657
8	1.2727272727273	2.9975934940859
700	0.20118017828859
720	0.27024257420244
740	0.18779790083507
760	0.11880731871177
780	0.14330437151972
800	0.18861928264533
10	0.18181818181818	3.2175741263192
700	0.36680951737351
720	0.39692054108884
740	0.20953093408207
760	0.29143589657473
780	0.24811550278767
800	0.10572946921791
10	0.36363636363636	4.1371327768239
700	0.38491324695586
720	0.34296637422094
740	0.32737028175628
760	0.26402171667012
780	0.18492942077729
800	0.21983571329569
10	0.54545454545455	4.644666375046
700	0.4072682585907
720	0.36426370683538
740	0.23909420590122
760	0.2527980688856
780	0.24484609797721
800	0.2030762944006
10	0.63636363636364	4.7370658226605
700	0.46874559757492
720	0.34772715477638
740	0.23238908780398
760	0.33702279155198
780	0.23170656571571
800	0.15421463460595
10	0.72727272727273	4.6670082401149
700	0.27724570577116
720	0.34722657697231
740	0.39136775404062
760	0.2166124568761
780	0.23207246275544
800	0.16497969435955
10	0.81818181818182	4.1828055307084
700	0.25289430542917
720	0.57062636991901
740	0.20231305091795
760	0.16407090932205
780	0.23331559530826
800	0.2431990193789
10	0.90909090909091	4.7277796842017
700	0.286014680244
720	0.26795717882107
740	0.13571424417658
760	0.17729410862417
780	0.34279809590586
800	0.13553713932781
10	1	3.881775860062
700	0.29352119508527
720	0.19832679208754
740	0.16212231648145
760	0.21407313906881
780	0.13533355045925
800	0.081748964647573
10	1.0909090909091	2.7833061532748
700	0.44479759808167
720	0.18481367687087
740	0.22168705628552
760	0.2640287738978
780	0.11636934491945
800	0.12264092674099
10	1.2727272727273	3.524170858611
700	0.19391339818812
720	0.27049544989187
740	0.18967283897414
760	0.12563979769468
780	0.14384715781855
800	0.18957923698594
12	0.18181818181818	3.2189389323772
700	0.36385996444037
720	0.40422306081738
740	0.20556138889342
760	0.29223272462817
780	0.25111863700194
800	0.10533854287766
12	0.36363636363636	4.1484950193995
700	0.37753190332704
720	0.34454514377024
740	0.32758108074878
760	0.26065679855042
780	0.18609814167954
800	0.22038799907627
12	0.54545454545455	4.6290561936756
700	0.39249645526208
720	0.37039155457479
740	0.23821335889718
760	0.24548060210264
780	0.24863099279172
800	0.20271007995643
12	0.63636363636364	4.7055614375704
700	0.44023830814477
720	0.36048726795412
740	0.23054502402645
760	0.33443870840696
780	0.23515304423969
800	0.15354889131423
12	0.72727272727273	4.613651537176
700	0.27802988503281
720	0.37534319502287
740	0.39218481083536
760	0.21429862408383
780	0.25072518695044
800	0.1592954133944
12	0.81818181818182	4.2721432221303
700	0.25710162215831
720	0.59869863614701
740	0.19846594764865
760	0.15013279872565
780	0.25954467042199
800	0.23833117983732
12	0.90909090909091	4.8337014053865
700	0.28768931623412
720	0.26064667865413
740	0.13492558937064
760	0.1559534905084
780	0.34910154799949
800	0.13459498753454
12	1	3.8518026674292
700	0.2958621270595
720	0.2016001783037
740	0.16169912624256
760	0.21015744149958
780	0.13733168132145
800	0.082382997991745
12	1.0909090909091	2.8006152227239
700	0.43442732661738
720	0.18588834365813
740	0.22424552052354
760	0.35907573515339
780	0.12146918171788
800	0.12326259607404
12	1.2727272727273	3.6812031562548
700	0.19772649143607
720	0.2706951908259
740	0.19099558834997
760	0.12544341895386
780	0.14425326576251
800	0.19022920231174
14	0.18181818181818	3.2369225941425
700	0.35974568488096
720	0.40902951985678
740	0.20302473740881
760	0.29085132683056
780	0.25312124922705
800	0.10517094779297
14	0.36363636363636	4.1473279722545
700	0.37722172372838
720	0.34525174254199
740	0.32784025419844
760	0.26356844486096
780	0.18681797432533
800	0.22075328214522
14	0.54545454545455	4.6396170794072
700	0.39225005441437
720	0.37374964087999
740	0.23796024510052
760	0.2473736179265
780	0.25114706655267
800	0.20257846680533
14	0.63636363636364	4.7228194842759
700	0.45956314096402
720	0.36332929429201
740	0.22973380730483
760	0.33015632862191
780	0.23648375398425
800	0.15333178352522
14	0.72727272727273	4.6697811722778
700	0.27304263766791
720	0.38885519011861
740	0.37824141974263
760	0.20595505547322
780	0.26276847254514
800	0.15673990970087
14	0.81818181818182	4.2820584065433
700	0.24556849004489
720	0.60218805434032
740	0.15811924868575
760	0.1401152270996
780	0.28172465123987
800	0.22020195513928
14	0.90909090909091	4.7107561445014
700	0.29107556593352
720	0.25690031029714
740	0.13489328973755
760	0.15143236675866
780	0.35474744419954
800	0.13412091356036
14	1	3.8635684557197
700	0.30794870360479
720	0.20627404247735
740	0.16194563270402
760	0.21019443764785
780	0.14033952351594
800	0.083309688377648
14	1.0909090909091	2.8613911635042
700	0.41339076844998
720	0.18726016360394
740	0.22585730254192
760	0.40078385368347
780	0.12628079194935
800	0.12385261866968
14	1.2727272727273	3.7167817043709
