700	0.17511998521881
720	0.26152356937108
740	0.098536758873865
760	0.10068201867073
780	0.1925312793291
800	0.090493601782903
1	0.18181818181818	2.5653109362162
700	0.21876805196017
720	0.26027211964061
740	0.23697131268789
760	0.14668518174696
780	0.14549986935005
800	0.10248357374929
1	0.36363636363636	2.8395442582412
700	0.58706262734967
720	0.25753234164131
740	0.1708853531523
760	0.18605496800562
780	0.16440331866889
800	0.11550565521052
1	0.54545454545455	4.013704094789
700	0.39508363704455
720	0.21567594659378
740	0.53051897483636
760	0.20073006098332
780	0.14281818445488
800	0.13025187924843
1	0.63636363636364	3.8636810566569
700	0.27039826062355
720	0.22793073495911
740	0.44766720832277
760	0.17962901811454
780	0.14577825169901
800	0.21622128198244
1	0.72727272727273	3.9285203389206
700	0.22251485586343
720	0.3939343089645
740	0.23193695178049
760	0.16535257947213
780	0.29315541673371
800	0.16205856403199
1	0.81818181818182	4.0407188253768
700	0.26653542802754
720	0.31537494303144
740	0.17384626700854
760	0.14970952070275
780	0.52422774577606
800	0.12829055369553
1	0.90909090909091	4.5318581051128
700	0.44584836005906
720	0.18306014850544
740	0.1409866551131
760	0.41200792968191
780	0.16653581311596
800	0.11881684978835
1	1	3.8282001081919
700	0.21248749069922
720	0.16154165817411
740	0.29362688888009
760	0.21183880051052
780	0.121119777109
800	0.088797938114938
1	1.0909090909091	2.6283027129155
700	0.51405466884047
720	0.24787786735724
740	0.13100291644883
760	0.11250977164049
780	0.15514895241648
800	0.24520098712075
1	1.2727272727273	4.3680839874407
700	0.22323828767073
720	0.29840165456138
740	0.11013062630179
760	0.083047253016338
780	0.18854711003476
800	0.11323539950122
1.4	0.18181818181818	2.8864474816742
700	0.32705962679107
720	0.15460736316088
740	0.17468367700582
760	0.23166140933983
780	0.10141079863424
800	0.073755562071899
1.4	0.36363636363636	2.6640247428639
700	0.32749778114186
720	0.33983474032508
740	0.20461276926187
760	0.25912250575053
780	0.1568829775713
800	0.18219689977247
1.4	0.54545454545455	3.9851015389436
700	0.55593313630259
720	0.30222455173756
740	0.18737434329079
760	0.25053829476167
780	0.21437771720311
800	0.12230952232378
1.4	0.63636363636364	4.3656339187388
700	0.45942980826765
720	0.2314742829271
740	0.37254757210543
760	0.27172138115441
780	0.15277031746699
800	0.13280499209492
1.4	0.72727272727273	4.0535567913347
700	0.33571651695609
720	0.2566258666847
740	0.42490924862008
760	0.20648099477624
780	0.13884342969625
800	0.27863712578111
1.4	0.81818181818182	4.5441912333566
700	0.30216479752529
720	0.45740160001099
740	0.26744487224884
760	0.17208446424615
780	0.19539397287406
800	0.21740206732543
1.4	0.90909090909091	4.4377402682722
700	0.39834358826076
720	0.3324380538036
740	0.20364455956656
760	0.19480887805726
780	0.34287917020036
800	0.15417259236674
1.4	1	4.5605293930873
700	0.46490625162778
720	0.23309894778407
740	0.21880076025648
760	0.36915957868307
780	0.189566462255
800	0.11657402741617
1.4	1.0909090909091	4.0786026309894
700	0.26761080926268
720	0.34513048241503
740	0.27262342803328
760	0.14871986494559
780	0.12825669637625
800	0.17590281005471
1.4	1.2727272727273	3.5838389117551
700	0.28634628065191
720	0.29964863456101
740	0.12299320544336
760	0.082881394650093
780	0.1595887682637
800	0.13195038831954
1.8	0.18181818181818	3.0940608003274
700	0.43824034545167
720	0.17322687602605
740	0.17099648126842
760	0.29209927944381
780	0.12020511855325
800	0.076448428088718
1.8	0.36363636363636	3.1991623735039
700	0.29214061106052
720	0.33569714682196
740	0.33073255538906
760	0.17806869938746
780	0.1557907739081
800	0.23064546256519
1.8	0.54545454545455	4.1869233072901
700	0.45863798513233
720	0.39997168302565
740	0.2319707877493
760	0.3017697817387
780	0.24155041847835
800	0.18942604461177
1.8	0.63636363636364	4.9347901603335
700	0.39374816112055
720	0.33295978519501
740	0.25783628610562
760	0.28006342603533
780	0.24227850741387
800	0.13840451275817
1.8	0.72727272727273	4.3013503850962
700	0.38786952099625
720	0.27912562204004
740	0.34283994512802
760	0.25825621470011
780	0.18810783515406
800	0.17433757085557
1.8	0.81818181818182	4.2670662072269
700	0.35223426659321
720	0.33792910295473
740	0.25952291003722
760	0.22751370597605
780	0.17549416218527
800	0.20648491036602
1.8	0.90909090909091	4.2811383127571
700	0.32957936699401
720	0.2705308103891
740	0.24813393302551
760	0.20831456542251
780	0.22779828425234
800	0.1649496489745
1.8	1	3.9680367643434
700	0.30669878765374
720	0.27163731644001
740	0.23878335929681
760	0.23963726847147
780	0.17681789766482
800	0.15648953020265
1.8	1.0909090909091	3.7115352165938
700	0.33934836533415
720	0.38671662597198
740	0.20841643371609
760	0.1970409499103
780	0.17577808927613
800	0.17558500224999
1.8	1.2727272727273	4.043224537671
700	0.27724606114241
720	0.30608430363387
740	0.13132059581348
760	0.085526850184679
780	0.15785343614127
800	0.14098233041348
2.2	0.18181818181818	3.1446887263079
700	0.47862442899528
720	0.18920545209081
740	0.18075205679081
760	0.32449136411752
780	0.13358555819962
800	0.087574040192129
2.2	0.36363636363636	3.5287858055829
700	0.31903724529855
720	0.32572005407333
740	0.40882034556998
760	0.17712776120431
780	0.1666962859971
800	0.24592050532399
2.2	0.54545454545455	4.4702428793306
700	0.394965529767
720	0.37947596486718
740	0.28718900216365
760	0.25200239581118
780	0.24274447996707
800	0.23266895317366
2.2	0.63636363636364	4.9636204514573
700	0.36210781275375
720	0.33991419279926
740	0.2639943036017
760	0.27644081893
780	0.25525663114517
800	0.16325132627069
2.2	0.72727272727273	4.424569681475
700	0.32515177362614
720	0.32898742556453
740	0.30827620023026
760	0.23333380364378
780	0.20842397405812
800	0.16121876461702
2.2	0.81818181818182	4.099176946704
700	0.34806412780273
720	0.35413702819258
740	0.23320515801171
760	0.21120107964541
780	0.21004309000456
800	0.19257875259737
2.2	0.90909090909091	4.2820904943557
700	0.45353944294375
720	0.28004454309406
740	0.21374164078216
760	0.23931611455989
780	0.24072046854598
800	0.15551097296736
2.2	1	4.3388389367878
700	0.39394693547947
720	0.24371439726216
740	0.25745769616097
760	0.32893927180355
780	0.19050629537393
800	0.14018760866834
2.2	1.0909090909091	4.0256337058557
700	0.26471783312607
720	0.63097566233286
740	0.23577784832399
760	0.19458353594609
780	0.16934470343473
800	0.26980624124743
2.2	1.2727272727273	4.9093429091732
700	0.24128461002829
720	0.30991947114499
740	0.14484028158568
760	0.096704850504085
780	0.16247001526403
800	0.15121054392143
4	0.18181818181818	3.1642989753574
700	0.45227158235466
720	0.23900392212003
740	0.19521823172133
760	0.36793627591352
780	0.1618895169153
800	0.1177430565422
4	0.36363636363636	3.9311461859254
700	0.38609297016286
720	0.31182880828335
740	0.42781640187859
760	0.2083534231057
780	0.16847118481483
800	0.26317332972518
4	0.54545454545455	4.8197607986761
700	0.37835627683147
720	0.35828897606076
740	0.28302589224562
760	0.21385558442845
780	0.24649410337082
800	0.24937740815732
4	0.63636363636364	4.9189249319858
700	0.42074641891383
720	0.27154980881512
740	0.26055780392723
760	0.2775381907877
780	0.23301185387959
800	0.16599044332468
4	0.72727272727273	4.3860501062293
700	0.37089477859842
720	0.25992127033727
740	0.35292332308917
760	0.25721461468054
780	0.17035831513835
800	0.17153698215145
4	0.81818181818182	4.1094488957924
700	0.33949968806361
720	0.42859071945181
740	0.30704614901872
760	0.20295772791703
780	0.18317786817997
800	0.23396020143783
4	0.90909090909091	4.6425893279869
700	0.60233696160347
720	0.22360516615254
740	0.34623899168205
760	0.22328209926248
780	0.2862319387832
800	0.19498072211062
4	1	5.1876407685809
700	0.32784773399984
720	0.2037980199351
740	0.3556400717216
760	0.33627201893548
780	0.14392410880524
800	0.24418640389378
4	1.0909090909091	4.3541358952067
700	0.24564033508617
720	0.23049311494083
740	0.15028781208201
760	0.12052296033496
780	0.16301195547051
800	0.5081004483257
4	1.2727272727273	5.2306237357115
700	0.23631372652273
720	0.32215125358237
740	0.14810385419278
760	0.10188351244183
780	0.16965318856917
800	0.15210818039738
6	0.18181818181818	3.2191234191952
700	0.43567384545534
720	0.26196072134477
740	0.19360320971627
760	0.37840969646885
780	0.16429698157501
800	0.12127809929142
6	0.36363636363636	3.9764880344905
700	0.36401829421346
720	0.31916437685266
740	0.4190020244517
760	0.20858541250934
780	0.1669779533272
800	0.26750168036235
6	0.54545454545455	4.7822994885194
700	0.37079796018603
720	0.37681738535885
740	0.26108258950103
760	0.21071324024832
780	0.25046920547963
800	0.23840516322036
6	0.63636363636364	4.8504757146262
700	0.44966865865008
720	0.26937745798431
740	0.23852665894887
760	0.2944030081327
780	0.23139643587012
800	0.15532033718101
6	0.72727272727273	4.3942840415876
700	0.46500305378614
720	0.24804910815031
740	0.35035032655745
760	0.31761609370179
780	0.13487590884434
800	0.16324413231277
6	0.81818181818182	4.2732865863388
700	0.46512566877917
720	0.41663642871498
740	0.25082775141441
760	0.26907892491081
780	0.17514467217454
800	0.23245712356972
6	0.90909090909091	4.9789182179879
700	0.74162928585524
720	0.19863193344839
740	0.26376516017553
760	0.27271050449214
780	0.26755092678263
800	0.17724743510738
6	1	5.338956697317
700	0.2739356941258
720	0.1767260167879
740	0.28732573749367
760	0.28434279860809
780	0.13197485220495
800	0.20867685802763
6	1.0909090909091	3.7150541492792
700	0.2439883037311
720	0.25201137731229
740	0.19907971845039
760	0.12398922278001
780	0.12640561752589
800	0.63055937752885
6	1.2727272727273	5.9485894096043
700	0.2266186184937
720	0.32014744677991
740	0.14900618006474
760	0.10396328035886
780	0.17120516870739
800	0.15184781318417
8	0.18181818181818	3.1960074895952
700	0.43927792694081
720	0.25625658706922
740	0.1920489287759
760	0.38350288136228
780	0.16763078502055
800	0.1236666098979
8	0.36363636363636	4.0081628815914
700	0.35482560929782
720	0.31069982269982
740	0.41649693815649
760	0.20545859747571
780	0.16810503936128
800	0.27089791718176
8	0.54545454545455	4.755145942011
700	0.34797895691636
720	0.37655811399322
740	0.25242237804058
760	0.20748229121936
780	0.25832751551512
800	0.23285524791187
8	0.63636363636364	4.7633318979716
700	0.4484638884367
720	0.27661631279228
740	0.23048396746695
760	0.29873938313638
780	0.23289437964307
800	0.1507958464921
8	0.72727272727273	4.3808491325146
700	0.47316400953135
720	0.2632319286597
740	0.34513122894746
760	0.33636410093992
780	0.1665372766964
800	0.1566963843534
8	0.81818181818182	4.4264196668351
700	0.49876494821378
720	0.4073310999614
740	0.24849500970038
760	0.2976433711893
780	0.17928604718314
800	0.2285954994574
8	0.90909090909091	5.092017368489
700	0.73402847450143
720	0.20054848801056
740	0.26026945710766
760	0.34983813210534
780	0.258068977056
800	0.17961501270914
8	1	5.4263418570086
700	0.25765837352545
720	0.18193727410054
740	0.26821754030799
760	0.25174909887436
780	0.14096981696064
800	0.21657551077659
8	1.0909090909091	3.6814002885969
700	0.2345305638274
720	0.28687214926471
740	0.26015806183662
760	0.14177093523567
780	0.12989084316876
800	0.68916152468454
8	1.2727272727273	6.4668948789671
700	0.23367154783814
720	0.33283115458416
740	0.14927123268433
760	0.10495451768762
780	0.16773883637761
800	0.15146238113155
10	0.18181818181818	3.2292354764428
700	0.43880102510276
720	0.27306814540602
740	0.19113760165161
760	0.38669320145478
780	0.16843665065159
800	0.12541256128166
10	0.36363636363636	4.058903027048
700	0.33779350392278
720	0.31228388731612
740	0.41586234426397
760	0.20287961414478
780	0.15655884468609
800	0.27340952291319
10	0.54545454545455	4.6785756684773
700	0.34687672952656
720	0.39229429562764
740	0.24838613238418
760	0.20541576185321
780	0.2965970546795
800	0.22132047215402
10	0.63636363636364	4.8512787575094
700	0.44682029145538
720	0.28956176219649
740	0.22721195499064
760	0.29987773471424
780	0.2365333604982
800	0.14866235648909
10	0.72727272727273	4.4006075447881
700	0.47101274410738
720	0.26433471049753
740	0.34146037634716
760	0.34049795721921
780	0.16612263499091
800	0.15484967146406
10	0.81818181818182	4.4122141286109
700	0.50488032561291
720	0.38749147258572
740	0.25525664707773
760	0.30165238212907
780	0.17921136508951
800	0.22611320021805
10	0.90909090909091	5.0685937398509
700	0.68862100361036
720	0.20394431192137
740	0.27474734588841
760	0.32093759622281
780	0.25550845007771
800	0.18703228357679
10	1	5.3094051582184
700	0.26281982076382
720	0.18627675364926
740	0.28071924274025
760	0.23838614910092
780	0.14783183951108
800	0.22793476800464
10	1.0909090909091	3.7917369798046
700	0.23519458040836
720	0.33237736887515
740	0.25505452628275
760	0.15714057997252
780	0.16484907222894
800	0.50827534875602
10	1.2727272727273	5.6080641123572
700	0.22615055661889
720	0.3427382399932
740	0.14932270064662
760	0.10549429931894
780	0.16657724170052
800	0.15110830510282
12	0.18181818181818	3.222728652527
700	0.44160822211369
720	0.26818772874853
740	0.19058584549586
760	0.38889101115544
780	0.1640265398936
800	0.12663199118894
12	0.36363636363636	4.0514801013699
700	0.34747978474906
720	0.30204454848419
740	0.41580901435719
760	0.20097397499263
780	0.1567856976299
800	0.27525846214694
12	0.54545454545455	4.6940036665517
700	0.32993085575133
720	0.39846212475979
740	0.24621415472443
760	0.20411869881766
780	0.2564357189565
800	0.22826755192871
12	0.63636363636364	4.7087581574099
700	0.45392290731502
720	0.3030919824553
740	0.22576944521371
760	0.30010691157763
780	0.24034552287349
800	0.14751605309741
12	0.72727272727273	4.4538316983748
700	0.47535861579359
720	0.28315947873954
740	0.33907947695347
760	0.33998614786874
780	0.1293550313863
800	0.15943948847294
12	0.81818181818182	4.3551384304571
700	0.51330167539955
720	0.39284690790342
740	0.2630479737379
760	0.29784314705595
780	0.17626420825221
800	0.22466578767849
12	0.90909090909091	5.0874329039845
700	0.64923794524828
720	0.22714275745895
740	0.29001670594014
760	0.32159489384434
780	0.25123702262337
800	0.19233184624916
12	1	5.2815825439748
700	0.26858774792696
720	0.18233465179813
740	0.30107301864403
760	0.23251483793296
780	0.15134615594915
800	0.23586681920819
12	1.0909090909091	3.8762929019707
700	0.23527493931972
720	0.37546979617946
740	0.2343355587712
760	0.16751636167028
780	0.14574538104191
800	0.40344462554934
12	1.2727272727273	4.9827697056351
700	0.24458971790962
720	0.33381419003597
740	0.14929649176455
760	0.10581713840484
780	0.17368856400613
800	0.15080907047111
14	0.18181818181818	3.2812093615471
700	0.45019631241831
720	0.26731208262398
740	0.19022870335757
760	0.3904879879379
780	0.17046133851941
800	0.1274898222403
14	0.36363636363636	4.104693049765
700	0.33383030585092
720	0.31055932016536
740	0.41593848153274
760	0.19956361987023
780	0.16022354821502
800	0.27664234653835
14	0.54545454545455	4.691102228288
700	0.34409113431766
720	0.39442345002918
740	0.24491978185214
760	0.20328225162831
780	0.26663318365019
800	0.22718749061912
14	0.63636363636364	4.7678742007239
700	0.44472191535276
720	0.29718853076652
740	0.22512152017778
760	0.30005503307881
780	0.2404884238741
800	0.14683830362606
14	0.72727272727273	4.4110616127385
700	0.48760996866379
720	0.28278533734763
740	0.33755153168156
760	0.33800337025181
780	0.17778435162204
800	0.15367886855885
14	0.81818181818182	4.5229628295973
700	0.51475000734198
720	0.37549179411359
740	0.27003925588022
760	0.29231270647871
780	0.18019076181251
800	0.22382715443517
14	0.90909090909091	5.0644691563687
700	0.60987814428605
720	0.20360591665776
740	0.30265027407017
760	0.31862254712779
780	0.25490319535954
800	0.19645430768748
14	1	5.1702405104321
700	0.2710236835262
720	0.19882203911255
740	0.3216400158542
760	0.22946151976069
780	0.15550620815398
800	0.2408747158749
14	1.0909090909091	3.9826872420086
700	0.24141553778081
720	0.41594138325742
740	0.21608307430995
760	0.1739674695415
780	0.1581169572132
800	0.35989885426163
14	1.2727272727273	4.8511406410169
