700	0.20175348490375
720	0.36197950951087
740	0.24588571228894
760	0.12202954777535
780	0.092757570663853
800	0.13241547861226
1	1.1818181818182	2.9613277264397
700	0.26981882189825
720	0.4893179574715
740	0.18462535580664
760	0.10390211628434
780	0.09014767628716
800	0.1000035269258
1	1.5454545454545	3.1031174546552
700	0.20732681969259
720	0.14174236453576
740	0.17528625304916
760	0.246725488047
780	0.32538828806619
800	0.099053956826313
1	1.7272727272727	3.2806683176917
700	0.16972048768634
720	0.33546545338321
740	0.17065803330011
760	0.10132748210966
780	0.088247117797518
800	0.093397001647315
1	1.9090909090909	2.4347955148838
700	0.102781645313
720	0.093320036687419
740	0.25548052684657
760	0.054032688608203
780	0.04344449457443
800	0.039805278594732
1	2.7272727272727	1.2884021384683
700	0.25269425850246
720	0.2976593188762
740	0.11851089430349
760	0.11278725651239
780	0.13528166405354
800	0.14282259425672
1	2	3.0174244374071
700	0.11161496045641
720	0.11446632442676
740	0.17216326640791
760	0.27826769976741
780	0.10436671231375
800	0.060402141242689
1	2.1818181818182	1.9728023662214
700	0.16739750308296
720	0.12602592965891
740	0.48300467798394
760	0.096175162761819
780	0.078551975597336
800	0.092271639795524
1	2.3636363636364	2.3365566169386
700	0.10409684046026
720	0.12278808992928
740	0.11751197599255
760	0.076180292957883
780	0.060408212103038
800	0.30539248386138
1	2.5454545454545	2.8926731208371
700	0.102781645313
720	0.093320036687419
740	0.25548052684657
760	0.054032688608203
780	0.04344449457443
800	0.039805278594732
1	2.7272727272727	1.2884021384683
700	0.34113053108866
720	0.23488224968278
740	0.36238065366861
760	0.22586037382478
780	0.13155181859544
800	0.11704328808275
1.4	1.1818181818182	3.4623505523009
700	0.38397358037905
720	0.19236357817161
740	0.2208694993784
760	0.24882176493704
780	0.14415169763243
800	0.089678570151108
1.4	1.5454545454545	3.2394837647442
700	0.25171693444565
720	0.37363302131519
740	0.22723828492641
760	0.13060911806014
780	0.10922669493608
800	0.16516029868247
1.4	1.7272727272727	3.3767353198555
700	0.3696996063676
720	0.16300215697216
740	0.15088261525119
760	0.23326509877926
780	0.1947686114209
800	0.10947462459191
1.4	1.9090909090909	3.3280154593753
700	0.41983019595302
720	0.11894104907259
740	0.10575620525886
760	0.086101435660534
780	0.06587833850112
800	0.063096681739733
1.4	2.7272727272727	2.3338323067925
700	0.17876262482678
720	0.18106650014024
740	0.24042242469913
760	0.27775939453908
780	0.13210575909297
800	0.081971075252133
1.4	2	2.6146041180571
700	0.20974389174495
720	0.56422461818308
740	0.1261774116681
760	0.098096781150067
780	0.10081556993725
800	0.1338922636199
1.4	2.1818181818182	3.2472743481874
700	0.15257190356361
720	0.14736382297429
740	0.1394672669118
760	0.13842675455034
780	0.33518653584055
800	0.12434585605057
1.4	2.3636363636364	3.0993817892765
700	0.15178641496695
720	0.1112096347712
740	0.098214135129614
760	0.070659951415178
780	0.070852400623125
800	0.07227569364854
1.4	2.5454545454545	1.5931446082751
700	0.41983019595302
720	0.11894104907259
740	0.10575620525886
760	0.086101435660534
780	0.06587833850112
800	0.063096681739733
1.4	2.7272727272727	2.3338323067925
700	0.31178573796742
720	0.27609266770497
740	0.31315239611414
760	0.19278035022171
780	0.17593901505557
800	0.15113853612389
1.8	1.1818181818182	3.7131964525264
700	0.22104855932495
720	0.21978861606552
740	0.25883959026003
760	0.2664761531177
780	0.12480813197401
800	0.12211814417126
1.8	1.5454545454545	3.035816418812
700	0.23691961493658
720	0.18830851468554
740	0.17480024539256
760	0.12268082000021
780	0.13204754654449
800	0.18092295806677
1.8	1.7272727272727	3.0549579052877
700	0.70430917213235
720	0.1536487298864
740	0.16297377209249
760	0.1387133245521
780	0.27424752493183
800	0.086892357478674
1.8	1.9090909090909	4.2666744606051
700	0.21283830204514
720	0.21917094095022
740	0.13663765788679
760	0.13700127720154
780	0.12521973006718
800	0.083022472571183
1.8	2.7272727272727	2.4070075820105
700	0.23687159342326
720	0.19039213412669
740	0.13995347509489
760	0.11457132460023
780	0.11505524103918
800	0.073482966444697
1.8	2	2.2886963521971
700	0.19657079183615
720	0.17285884673363
740	0.22505921673349
760	0.1163299905035
780	0.11285773394393
800	0.093843231648638
1.8	2.1818181818182	2.362257344399
700	0.49843498976107
720	0.22705962383853
740	0.17873306520516
760	0.1232230412456
780	0.084278103996722
800	0.15351345352736
1.8	2.3636363636364	3.5466818107608
700	0.2284527782106
720	0.18752285740646
740	0.25208268115896
760	0.15612922257828
780	0.1024075749105
800	0.096040721494383
1.8	2.5454545454545	2.5589734868597
700	0.21283830204514
720	0.21917094095022
740	0.13663765788679
760	0.13700127720154
780	0.12521973006718
800	0.083022472571183
1.8	2.7272727272727	2.4070075820105
700	0.28810076826765
720	0.27340614527447
740	0.44446568468425
760	0.22799151528122
780	0.16535750522843
800	0.15048649207128
2.2	1.1818181818182	3.8199618359317
700	0.22568618304601
720	0.16037911878463
740	0.17639056941057
760	0.26309526173794
780	0.14262870057114
800	0.11727423006223
2.2	1.5454545454545	2.8542402196325
700	0.19140431798982
720	0.19335492172569
740	0.21763944621248
760	0.11826501871518
780	0.093806448233919
800	0.10864814739295
2.2	1.7272727272727	2.4050306421944
700	0.31371414181055
720	0.18240726192048
740	0.12491397619306
760	0.1164055695387
780	0.13509260996692
800	0.12508491876269
2.2	1.9090909090909	2.8610107428643
700	0.21207920049881
720	0.24722093788731
740	0.17715620481578
760	0.18377046341894
780	0.11362068671712
800	0.070901368475291
2.2	2.7272727272727	2.4754452579783
700	0.27909766611951
720	0.16009092969768
740	0.14399486373948
760	0.14982069827262
780	0.26214213767689
800	0.086912868642349
2.2	2	3.0207279090356
700	0.20713659615148
720	0.2302668246913
740	0.3009914937379
760	0.14162005791813
780	0.094040005984638
800	0.077829344125304
2.2	2.1818181818182	2.4813580254706
700	0.27423882906318
720	0.25601527912401
740	0.15314948876225
760	0.1122949504696
780	0.10819899002695
800	0.12361015928479
2.2	2.3636363636364	2.8217412051124
700	0.27475284329409
720	0.15730455608641
740	0.17499053457151
760	0.21126960940444
780	0.15426301260448
800	0.11172074234447
2.2	2.5454545454545	2.907231575495
700	0.21207920049881
720	0.24722093788731
740	0.17715620481578
760	0.18377046341894
780	0.11362068671712
800	0.070901368475291
2.2	2.7272727272727	2.4754452579783
700	0.25218192396869
720	0.24461551317847
740	0.58896191025857
760	0.12543425982047
780	0.13766198012701
800	0.25804303376735
4	1.1818181818182	4.2200356642393
700	0.3033604570118
720	0.17823011828067
740	0.16818216391562
760	0.18316867123353
780	0.12027955943622
800	0.091297439350058
4	1.5454545454545	2.7299352730019
700	0.21884232883196
720	0.25049080174901
740	0.24885472607767
760	0.16656410736318
780	0.11827937033725
800	0.1291699793344
4	1.7272727272727	2.9321025360285
700	0.37508483101079
720	0.18845150205514
740	0.19655998130564
760	0.13326330170161
780	0.16836427753648
800	0.1680859876246
4	1.9090909090909	3.5458121299098
700	0.21438963892858
720	0.15242244400733
740	0.21226823247611
760	0.091867701634073
780	0.082101266231091
800	0.08902383699856
4	2.7272727272727	2.1746791045919
700	0.19877299180323
720	0.24231273587101
740	0.1783899360347
760	0.225731286472
780	0.20737485441481
800	0.13641689485188
4	2	3.2339019085446
700	0.23071429632962
720	0.32811892740885
740	0.15736080282484
760	0.12422383230621
780	0.17285790224886
800	0.096013555881695
4	2.1818181818182	2.935031121758
700	0.25169801508632
720	0.13174401730866
740	0.13172373385211
760	0.23823741206216
780	0.21050659275389
800	0.20036397477597
4	2.3636363636364	3.5212253869491
700	0.23245553686047
720	0.1708182816368
740	0.13803053225924
760	0.10854249462545
780	0.080782009815916
800	0.096002303957594
4	2.5454545454545	2.2373222850509
700	0.21438963892858
720	0.15242244400733
740	0.21226823247611
760	0.091867701634073
780	0.082101266231091
800	0.08902383699856
4	2.7272727272727	2.1746791045919
700	0.24189224747879
720	0.21023311496104
740	0.29935432080641
760	0.13239301600284
780	0.12111914596696
800	0.26211215136956
6	1.1818181818182	3.7384859724822
700	0.40262095110906
720	0.20135364557057
740	0.16476460189356
760	0.29328487666434
780	0.23216764924345
800	0.10448662649052
6	1.5454545454545	3.7218841298903
700	0.24560158972634
720	0.21530870886263
740	0.36678239696297
760	0.20670219411858
780	0.10487049903177
800	0.15209725066313
6	1.7272727272727	3.2407786341866
700	0.39560450451622
720	0.18311609661443
740	0.15311723473398
760	0.13285169568375
780	0.17370510188967
800	0.29683536117376
6	1.9090909090909	4.3400360802736
700	0.27247434467501
720	0.16097581223445
740	0.17109491970445
760	0.33398801850961
780	0.095876133869629
800	0.073574168302081
6	2.7272727272727	2.6674791922445
700	0.20438535426575
720	0.13353259566327
740	0.25074403112202
760	0.18072741154484
780	0.33202478280192
800	0.15629583844635
6	2	3.6100571835415
700	0.18758888359011
720	0.35065210086717
740	0.17806885968096
760	0.10729043118119
780	0.11342927841644
800	0.15368421777449
6	2.1818181818182	2.9925315633024
700	0.26088203098509
720	0.30888797828291
740	0.11958091845784
760	0.11726676702359
780	0.29698947697051
800	0.24828593875986
6	2.3636363636364	4.2938181112546
700	0.31494646657432
720	0.21407730111457
740	0.16888738975778
760	0.27729758855744
780	0.15045669700391
800	0.076409546913426
6	2.5454545454545	3.0126275420367
700	0.27247434467501
720	0.16097581223445
740	0.17109491970445
760	0.33398801850961
780	0.095876133869629
800	0.073574168302081
6	2.7272727272727	2.6674791922445
700	0.24375578787724
720	0.20301426996441
740	0.37605299632427
760	0.14574929063806
780	0.13362021971107
800	0.27015004430724
8	1.1818181818182	3.9401433153196
700	0.48800675015223
720	0.21409079189843
740	0.15790468001141
760	0.4628632505552
780	0.20712268292411
800	0.12054354289193
8	1.5454545454545	4.2740527836502
700	0.2060755043057
720	0.18615432174999
740	0.46508597843001
760	0.22651897950932
780	0.10365765597244
800	0.14745631719687
8	1.7272727272727	3.1910318171729
700	0.36606759092401
720	0.18746712828789
740	0.13935024975058
760	0.15445616487379
780	0.16832487408694
800	0.2382308586155
8	1.9090909090909	3.9086350621838
700	0.2216897688136
720	0.20456489405035
740	0.16993073792931
760	0.33111618214364
780	0.14874605556695
800	0.089139711800274
8	2.7272727272727	2.8901735700795
700	0.22297461324736
720	0.13210707059476
740	0.24810015384601
760	0.1622991111822
780	0.43962967147057
800	0.17186507535416
8	2	4.1069235368942
700	0.18865096089128
720	0.27731330840586
740	0.20267215110446
760	0.10948329322379
780	0.10800650658094
800	0.19157232447144
8	2.1818181818182	3.0903680276528
700	0.27079715125622
720	0.50816231508702
740	0.14597031439617
760	0.1174538559685
780	0.27796734418898
800	0.21433097365238
8	2.3636363636364	4.4881263701277
700	0.26614483488431
720	0.31323770828233
740	0.20776098602821
760	0.23258008265664
780	0.22725928935214
800	0.086349265895418
8	2.5454545454545	3.3859739486468
700	0.2216897688136
720	0.20456489405035
740	0.16993073792931
760	0.33111618214364
780	0.14874605556695
800	0.089139711800274
8	2.7272727272727	2.8901735700795
700	0.26365430879241
720	0.19725551605789
740	0.30288561075495
760	0.15543386634403
780	0.15240401228875
800	0.28135131858976
10	1.1818181818182	4.046060608964
700	0.54855518056861
720	0.23818901221837
740	0.15032052207351
760	0.59065954191079
780	0.17045786564942
800	0.13356084673685
10	1.5454545454545	4.6477039286494
700	0.19807255478706
720	0.19210336742905
740	0.56433245380677
760	0.24985991290086
780	0.10706753808866
800	0.13684077995863
10	1.7272727272727	3.2902324427445
700	0.34192810763264
720	0.19538326254103
740	0.14527774366913
760	0.17840128249747
780	0.15995953030022
800	0.14160386996335
10	1.9090909090909	3.2865444869262
700	0.23409338832377
720	0.2541270407816
740	0.18084104124293
760	0.2995168999555
780	0.18026195602628
800	0.10461733225
10	2.7272727272727	3.1946830217592
700	0.24474893297458
720	0.13306473172897
740	0.25707510270176
760	0.14446624764554
780	0.4484106510302
800	0.17162811376149
10	2	4.1822506605763
700	0.19219845837049
720	0.23874385136351
740	0.2145220622379
760	0.11947662780815
780	0.11638672643457
800	0.2169090279828
10	2.1818181818182	3.2369821260733
700	0.29599692819988
720	0.48273768186851
740	0.16615605286937
760	0.12046871551138
780	0.3150472959771
800	0.167010560614
10	2.3636363636364	4.3836589647787
700	0.28254575383188
720	0.34156300433364
740	0.21307798324
760	0.21183029011742
780	0.23597280588988
800	0.094253114567331
10	2.5454545454545	3.541770768157
700	0.23409338832377
720	0.2541270407816
740	0.18084104124293
760	0.2995168999555
780	0.18026195602628
800	0.10461733225
10	2.7272727272727	3.1946830217592
700	0.27124804272495
720	0.20795435110942
740	0.22803601589212
760	0.1559113483913
780	0.1631528631752
800	0.28415283589308
12	1.1818181818182	4.05323052886
700	0.58545217527709
720	0.26805434553864
740	0.14407925220301
760	0.54657643509641
780	0.15066106116416
800	0.13477805372025
12	1.5454545454545	4.6686401793512
700	0.20506236354422
720	0.17286455121423
740	0.64469653433801
760	0.26400003829336
780	0.11050324402407
800	0.1214404982196
12	1.7272727272727	3.3128339691589
700	0.3204715698207
720	0.19237792012067
740	0.15869228001758
760	0.19525033564751
780	0.14461411987989
800	0.113874151402
12	1.9090909090909	3.0405843582669
700	0.26855264844146
720	0.28217768904461
740	0.18468287757514
760	0.28303058983856
780	0.19331050904521
800	0.11753016983518
12	2.7272727272727	3.4526431702075
700	0.2509083825685
720	0.13631316259638
740	0.27847071774536
760	0.14092474476393
780	0.32529717575599
800	0.17119549887272
12	2	3.7823018889166
700	0.19298527649197
720	0.23038888895453
740	0.2192658770237
760	0.12547871773106
780	0.12482639346519
800	0.23001863295368
12	2.1818181818182	3.347994986074
700	0.32716699091554
720	0.45125683051553
740	0.1775523919583
760	0.13198110346052
780	0.35509493596065
800	0.15370483727912
12	2.3636363636364	4.504406366489
700	0.29666227201183
720	0.36694155935521
740	0.19081133806809
760	0.19204080744106
780	0.23157027268351
800	0.096048006983724
12	2.5454545454545	3.5682551543022
700	0.26855264844146
720	0.28217768904461
740	0.18468287757514
760	0.28303058983856
780	0.19331050904521
800	0.11753016983518
12	2.7272727272727	3.4526431702075
700	0.27773521914372
720	0.20400837303053
740	0.19579019122827
760	0.16595260447062
780	0.16906463446471
800	0.28290472416919
14	1.1818181818182	4.0541294918199
700	0.64500200791893
720	0.27358630504856
740	0.1395849719987
760	0.44882171725815
780	0.1339441341865
800	0.14129489095204
14	1.5454545454545	4.6598810508076
700	0.20851271377986
720	0.16754320983579
740	0.66914149087003
760	0.26662865306743
780	0.12106981275201
800	0.11174477804679
14	1.7272727272727	3.3255168561122
700	0.30399004726677
720	0.1961065538177
740	0.17485036083445
760	0.21166278513564
780	0.13668070291305
800	0.10573090487275
14	1.9090909090909	2.9708225787941
700	0.30695343299512
720	0.30020143328184
740	0.18301769509755
760	0.26396509430886
780	0.20332812257838
800	0.12234959330762
14	2.7272727272727	3.630130808352
700	0.25476564685963
720	0.14044640391984
740	0.30151332825983
760	0.13864306228256
780	0.21848968090014
800	0.16941126852
14	2	3.4321005049423
700	0.1938243636043
720	0.29933552546253
740	0.22128542864554
760	0.12582122622077
780	0.13415141848378
800	0.23180977243263
14	2.1818181818182	3.5388555802388
700	0.3247223077343
720	0.42086748678346
740	0.18403581512136
760	0.13538307093433
780	0.37338264143924
800	0.14745659065683
14	2.3636363636364	4.4767290906431
700	0.31278544388599
720	0.3873632515567
740	0.17430051626027
760	0.17670537854026
780	0.22912093372515
800	0.10233321480656
14	2.5454545454545	3.6391919037182
700	0.30695343299512
720	0.30020143328184
740	0.18301769509755
760	0.26396509430886
780	0.20332812257838
800	0.12234959330762
14	2.7272727272727	3.630130808352
