700	0.17929026044251
720	0.26228909275962
740	0.097649600420675
760	0.10067051816799
780	0.19447840624598
800	0.091299820790524
1	0.18181818181818	2.5895227950029
700	0.24214802371514
720	0.27748322119833
740	0.20346890881922
760	0.13757543365252
780	0.13192600517012
800	0.15625918427335
1	0.45454545454545	3.1624631192318
700	0.2847142983107
720	0.25683424184904
740	0.45881836093619
760	0.19466779046632
780	0.14877095937344
800	0.21809345604139
1	0.72727272727273	4.0895207895592
700	0.48887233317745
720	0.19861711629887
740	0.15631666650794
760	0.45934410870862
780	0.18455970493515
800	0.12429512856031
1	1	4.1787735782292
700	0.50212700714669
720	0.278238977658
740	0.14397948878124
760	0.12337272941104
780	0.18591084233435
800	0.26276171666903
1	1.2727272727273	4.6476172556001
700	0.2962895749811
720	0.39322834788027
740	0.20444261590584
760	0.1132440355594
780	0.096811576267705
800	0.11076057737373
1	1.5454545454545	3.1114115465884
700	0.16943476207775
720	0.23726049516991
740	0.28986010639922
760	0.18473980582865
780	0.10466254123255
800	0.072839734463511
1	1.8181818181818	2.4545256604847
700	0.42624299485515
720	0.16250258501753
740	0.1211337609181
760	0.28224410607995
780	0.18361344001233
800	0.12032304675085
1	2.0909090909091	3.558972048737
700	0.15927732166766
720	0.080123168158039
740	0.069989863907403
760	0.081027679396119
780	0.11505417143121
800	0.19786971831863
1	2.4545454545455	2.4548767229691
700	0.10136758980822
720	0.1142074611819
740	0.12553720107643
760	0.049456275920058
780	0.041366164473326
800	0.038660838700185
1	2.7272727272727	1.1439998501687
700	0.23676344142151
720	0.29973149285676
740	0.11045852293975
760	0.084017885798492
780	0.17067913149941
800	0.11344554857422
1.4	0.18181818181818	2.8668277206311
700	0.20813674993881
720	0.30653307599834
740	0.30411990563945
760	0.13592245180008
780	0.11494763920417
800	0.13688241450014
1.4	0.45454545454545	3.0683252290532
700	0.47700014820185
720	0.23918674416191
740	0.36969643656729
760	0.28955570908653
780	0.16576747412475
800	0.13195605127985
1.4	0.72727272727273	4.1872028296013
700	0.4030635496266
720	0.32325615046929
740	0.20550249911136
760	0.2029179580549
780	0.30464040356701
800	0.16239424158782
1.4	1	4.4836929086911
700	0.26618209330151
720	0.34202801813676
740	0.25357686890367
760	0.14932419250162
780	0.12953980434722
800	0.18581872422089
1.4	1.2727272727273	3.61567232094
700	0.3256163170874
720	0.19309540193174
740	0.25105275772032
760	0.22248701339068
780	0.13525991357906
800	0.088696845450404
1.4	1.5454545454545	3.0302262407963
700	0.50613402505865
720	0.23134599576829
740	0.14482109227958
760	0.13597827543292
780	0.1964211820489
800	0.13441639247208
1.4	1.8181818181818	3.8433994140075
700	0.20155218644669
720	0.28650904474247
740	0.28024488906332
760	0.11318503284548
780	0.085040723118939
800	0.079528633537927
1.4	2.0909090909091	2.4851965609607
700	0.15909747174233
720	0.1333324519778
740	0.14199129915211
760	0.11771456673881
780	0.060867535806784
800	0.053007539845908
1.4	2.4545454545455	1.6393389079288
700	0.20791331765461
720	0.11667481056919
740	0.10170670486218
760	0.081910437713465
780	0.06391383216055
800	0.071990971366529
1.4	2.7272727272727	1.7606690247232
700	0.28076254074457
720	0.30800305305594
740	0.11735310476623
760	0.080113207623098
780	0.16339459377516
800	0.12758290425823
1.8	0.18181818181818	3.0707635945628
700	0.30493695925899
720	0.37236978467993
740	0.32205867990786
760	0.18881150461891
780	0.15916056173934
800	0.12706498813329
1.8	0.45454545454545	3.6885432812311
700	0.39569918767428
720	0.33424342123919
740	0.26713972331049
760	0.27936336293604
780	0.25276171189894
800	0.13338049741437
1.8	0.72727272727273	4.3270162804602
700	0.33260082561852
720	0.27922155145236
740	0.24996261212147
760	0.20512683616108
780	0.21331740797053
800	0.17482619735264
1.8	1	3.9993400927582
700	0.34571810664543
720	0.46276330074642
740	0.21582063329749
760	0.20540290161701
780	0.1769364412127
800	0.1900659312734
1.8	1.2727272727273	4.3322089383123
700	0.215853029482
720	0.22079674727375
740	0.33527410995086
760	0.18860913791436
780	0.12742766430993
800	0.12767715581285
1.8	1.5454545454545	3.0306272529391
700	0.19396258638175
720	0.19527472527504
740	0.13057007987083
760	0.14466727113443
780	0.20059938447933
800	0.12259538611297
1.8	1.8181818181818	2.8207462366974
700	0.23181565268848
720	0.15815144045315
740	0.15803613136861
760	0.12571837088831
780	0.088730893006692
800	0.089063927464097
1.8	2.0909090909091	2.2495315525883
700	0.2362732029725
720	0.20442499413989
740	0.15375537717692
760	0.20488041430313
780	0.13336293962807
800	0.083460460214669
1.8	2.4545454545455	2.6103207826772
700	0.29588017839679
720	0.14028820641929
740	0.1247132213467
760	0.13679903797497
780	0.1243517804719
800	0.085182916510147
1.8	2.7272727272727	2.4770185354075
700	0.28484575540767
720	0.31122998322618
740	0.12654268708972
760	0.096074939271183
780	0.16319403451136
800	0.13457413231349
2.2	0.18181818181818	3.1688448276641
700	0.41246975513088
720	0.32733751403258
740	0.31385406562682
760	0.23618525011368
780	0.1348407808658
800	0.12870103925873
2.2	0.45454545454545	3.8943880192789
700	0.36480593223677
720	0.34456767216481
740	0.25770731973984
760	0.26873285278186
780	0.27071155049955
800	0.15293338025128
2.2	0.72727272727273	4.4139021055077
700	0.456954836995
720	0.2904564311125
740	0.22192897946493
760	0.23721606633958
780	0.23209575230259
800	0.16493922505134
2.2	1	4.4027909805241
700	0.28147857773118
720	0.60973375047692
740	0.22739943959503
760	0.20449419879785
780	0.18234884271916
800	0.27477919903565
2.2	1.2727272727273	4.9967325856509
700	0.2182109006293
720	0.1583865759688
740	0.20354469628806
760	0.16878091137796
780	0.13917196696742
800	0.12052188071784
2.2	1.5454545454545	2.7119618643976
700	0.25102358434533
720	0.38019870626794
740	0.12981711563284
760	0.10209716215729
780	0.10816011845629
800	0.12061307441899
2.2	1.8181818181818	2.9453203540961
700	0.21757145666181
720	0.18735480050299
740	0.21598915948237
760	0.25203324231036
780	0.10284340994764
800	0.074539012205079
2.2	2.0909090909091	2.5144159524831
700	0.31297254896795
720	0.19097737521008
740	0.14104517793397
760	0.17062322794064
780	0.16905477538069
800	0.12523731158746
2.2	2.4545454545455	3.1100583399762
700	0.29247020676439
720	0.18385352968367
740	0.18223713516415
760	0.18408145283693
780	0.105787982201
800	0.067887386573263
2.2	2.7272727272727	2.5351357368828
700	0.23046549353869
720	0.33080780120249
740	0.12929301886908
760	0.10564841342782
780	0.1705566828423
800	0.14218114196048
4	0.18181818181818	3.1461141963173
700	0.55622445113537
720	0.25074350840693
740	0.29677337548233
760	0.30900339235462
780	0.11794924177865
800	0.1379798215034
4	0.45454545454545	4.2435122117878
700	0.40770796196566
720	0.27526217399456
740	0.24815887430188
760	0.28332694546631
780	0.2443960874491
800	0.1569258890797
4	0.72727272727273	4.336660194524
700	0.54673411032571
720	0.23093170780716
740	0.36305724305718
760	0.21434905894848
780	0.26966433079327
800	0.24008402218279
4	1	5.2646506311787
700	0.24731077568277
720	0.26283572376598
740	0.13521692837684
760	0.12776028377253
780	0.20524265380136
800	0.35925511177506
4	1.2727272727273	4.5425074020703
700	0.36866058593261
720	0.18041696601316
740	0.18537053539729
760	0.3703993253625
780	0.11158425654919
800	0.092379340680741
4	1.5454545454545	3.2304253269356
700	0.38514980772724
720	0.29261113450105
740	0.19274416309333
760	0.12226561746815
780	0.1536690853315
800	0.26865270287634
4	1.8181818181818	4.3224863992155
700	0.22715440105988
720	0.28380749161884
740	0.33589686462757
760	0.18895249983347
780	0.15176585913955
800	0.083715121460106
4	2.0909090909091	3.0134066883435
700	0.17393481219375
720	0.15128277295745
740	0.16183800562687
760	0.12733861798647
780	0.090082563109339
800	0.09532172139811
4	2.4545454545455	2.1209456222193
700	0.18057216362225
720	0.45550156320875
740	0.12390876637513
760	0.091078350882893
780	0.093844699878625
800	0.10722999780201
4	2.7272727272727	2.740267277998
700	0.27541842110171
720	0.33760837920448
740	0.14353720191146
760	0.092607451144279
780	0.17545950296825
800	0.13933239744547
6	0.18181818181818	3.2841580072161
700	0.56348944036908
720	0.23668432583126
740	0.29255308952928
760	0.3181128651109
780	0.12076410841756
800	0.14775738496424
6	0.45454545454545	4.3149603674666
700	0.4495267089913
720	0.26980636727167
740	0.24201502903445
760	0.30080603707603
780	0.24080060438251
800	0.14966577989168
6	0.72727272727273	4.409221082847
700	0.53416677837091
720	0.22148401461933
740	0.38870550673749
760	0.23476004972601
780	0.25433982201044
800	0.24193689010771
6	1	5.2317141631113
700	0.178425680149
720	0.45103540637532
740	0.17301527333263
760	0.13298154570603
780	0.19591964001071
800	0.26468134129993
6	1.2727272727273	4.178950052399
700	0.38007753913215
720	0.16137080577146
740	0.22129009469108
760	0.36015591770332
780	0.15892610519474
800	0.10180351210696
6	1.5454545454545	3.4785873223652
700	0.28735112498321
720	0.43277291087594
740	0.21033899987748
760	0.1110059572758
780	0.19782820778612
800	0.16766703620991
6	1.8181818181818	3.8788102483259
700	0.19599597004116
720	0.38818691837062
740	0.33754717525495
760	0.21735199213009
780	0.19203636695754
800	0.11477021399102
6	2.0909090909091	3.5210137959296
700	0.472477311803
720	0.15526501057985
740	0.15466506669992
760	0.20898746733335
780	0.10130239544793
800	0.084927323669559
6	2.4545454545455	3.0841766178223
700	0.20179771727684
720	0.19896280329087
740	0.41468004977111
760	0.12791560436855
780	0.0988165807442
800	0.15972500232757
6	2.7272727272727	3.0346669430426
700	0.32645085615668
720	0.34298732907601
740	0.14866470212484
760	0.12498972465934
780	0.17814485106894
800	0.13558482286818
8	0.18181818181818	3.4879233172063
700	0.5590793376678
720	0.23943892753027
740	0.31522427906662
760	0.30038008740155
780	0.12214109523831
800	0.15366330657784
8	0.45454545454545	4.3472648480627
700	0.50654619999085
720	0.26722360808496
740	0.21114527629659
760	0.28520099048526
780	0.24116652056556
800	0.14522591249024
8	0.72727272727273	4.4762790236583
700	0.45977658052779
720	0.243071049643
740	0.39461846850499
760	0.24679141719897
780	0.24778065702373
800	0.24959609492432
8	1	5.1144705406397
700	0.24690866675554
720	0.66404775786035
740	0.18844614183518
760	0.18084144290011
780	0.23161337258702
800	0.23547573376647
8	1.2727272727273	4.8596918724527
700	0.44913967682663
720	0.16216763999461
740	0.2473210392112
760	0.17236568527651
780	0.15241506752776
800	0.11619847521515
8	1.5454545454545	3.4588424977059
700	0.24076745978165
720	0.50757311064136
740	0.31118083821772
760	0.10986366722717
780	0.18360769721864
800	0.09476918786964
8	1.8181818181818	3.528349659235
700	0.13335164068031
720	0.44904794503434
740	0.24912141238086
760	0.16846675301446
780	0.23126173828509
800	0.13081414358251
8	2.0909090909091	3.5140157101566
700	0.53201678222269
720	0.17441010941834
740	0.30323925259586
760	0.22708026144036
780	0.11342284817082
800	0.089147283195067
8	2.4545454545455	3.5764411620009
700	0.27221605679035
720	0.23043835519026
740	0.34841662620299
760	0.16586709853103
780	0.13270912517042
800	0.18751982669964
8	2.7272727272727	3.571529685455
700	0.25006290003956
720	0.33870523164661
740	0.1382508895198
760	0.10049073948884
780	0.17118337616978
800	0.14033002126253
10	0.18181818181818	3.211548051032
700	0.57091880430808
720	0.23687046303863
740	0.33404228297522
760	0.32377537342369
780	0.12281259129972
800	0.14788304337069
10	0.45454545454545	4.4055086445923
700	0.46532475530361
720	0.26811081763532
740	0.22300421740396
760	0.29627432870591
780	0.23837251938567
800	0.14232058943383
10	0.72727272727273	4.3662609154843
700	0.45990532464437
720	0.26462624508244
740	0.34509562554348
760	0.25322611409377
780	0.24606506273782
800	0.25383001721165
10	1	5.1278882857867
700	0.25244260452539
720	0.25150969263458
740	0.20238473381139
760	0.17232286879177
780	0.25309147733818
800	0.22517040190899
10	1.2727272727273	4.0491481416422
700	0.3789830318067
720	0.16659743539925
740	0.23557035499675
760	0.15098583943089
780	0.13969346613722
800	0.12649089129328
10	1.5454545454545	3.2346074032776
700	0.13701387167979
720	0.38847906323061
740	0.32376054832891
760	0.11230534648118
780	0.14148937500748
800	0.080313865805565
10	1.8181818181818	2.7699173067518
700	0.20429256410201
720	0.46855455555024
740	0.17707211513085
760	0.13768790242718
780	0.22398669811367
800	0.13215231805331
10	2.0909090909091	3.5971297039077
700	0.49555513118689
720	0.21119139267271
740	0.26143370736226
760	0.2181204291282
780	0.12152351822066
800	0.090451215142214
10	2.4545454545455	3.518052546719
700	0.28382201411658
720	0.21017914283596
740	0.3046403220967
760	0.1767903566564
780	0.13034849578392
800	0.13488519150203
10	2.7272727272727	3.1989869424659
700	0.24461675542171
720	0.33988378079864
740	0.1569901150528
760	0.13111313658758
780	0.18092466980498
800	0.13813875481053
12	0.18181818181818	3.2946024652083
700	0.56285249517174
720	0.23497792551281
740	0.31262598997736
760	0.3480163791995
780	0.12318621318823
800	0.15218740080921
12	0.45454545454545	4.4201942142982
700	0.50239134351877
720	0.27770527985331
740	0.22176238595912
760	0.29132603295291
780	0.24116532292636
800	0.13753731090645
12	0.72727272727273	4.4625910521795
700	0.37639554586482
720	0.27185130398179
740	0.3425408846413
760	0.2666447779048
780	0.24586472897894
800	0.24988137765983
12	1	4.8994527633791
700	0.20360627361594
720	0.17563484002128
740	0.1890610974493
760	0.19725038100265
780	0.2617064324151
800	0.21879517104802
12	1.2727272727273	3.7723060199951
700	0.37799039671161
720	0.16898815657869
740	0.21676589369529
760	0.11880904940961
780	0.13090885969913
800	0.1295270388385
12	1.5454545454545	3.1464030422709
700	0.16419136056504
720	0.27026910904308
740	0.29604685274818
760	0.11877287129926
780	0.11898944310932
800	0.076441714362459
12	1.8181818181818	2.4776794001432
700	0.21029045933007
720	0.45507021132088
740	0.15286512131348
760	0.14480936051982
780	0.21528782314179
800	0.12929143892547
12	2.0909090909091	3.5199367987535
700	0.46615769933994
720	0.24632589116606
740	0.21479699128668
760	0.21385147759049
780	0.12882875745982
800	0.088369511783732
12	2.4545454545455	3.4548561239982
700	0.26266373378143
720	0.18503523086055
740	0.28529957403849
760	0.18332796013527
780	0.11545084153916
800	0.11415698297414
12	2.7272727272727	2.8948769899394
700	0.24834807838207
720	0.35073372281533
740	0.14138171595356
760	0.08333049421619
780	0.18172904137539
800	0.13379927917079
14	0.18181818181818	3.2046227331254
700	0.55830363420933
720	0.2426040460462
740	0.31522758460979
760	0.24578456049738
780	0.12342107808311
800	0.15539360615215
14	0.45454545454545	4.2752497389319
700	0.46486248704438
720	0.27317182708529
740	0.23784079800484
760	0.30115444565433
780	0.24090708706013
800	0.14328276900692
14	0.72727272727273	4.4167972867939
700	0.38650481750138
720	0.29567150727618
740	0.32914294663665
760	0.26805187392776
780	0.246080477431
800	0.25035560919783
14	1	4.9663726315669
700	0.24207521355004
720	0.15922091132717
740	0.17343791370774
760	0.22869871302527
780	0.26473946088021
800	0.21485282670276
14	1.2727272727273	3.8685055133248
700	0.31588830996524
720	0.18097596035089
740	0.18540470817206
760	0.073881086518331
780	0.12504547817071
800	0.12892054361595
14	1.5454545454545	2.8552695740371
700	0.20899196428657
720	0.2278225409412
740	0.28349832023339
760	0.12315123568357
780	0.10808144430999
800	0.075203740491208
14	1.8181818181818	2.4635212980214
700	0.22432224131175
720	0.43346156677304
740	0.15957907287424
760	0.14296537753971
780	0.20965042352832
800	0.13062940797846
14	2.0909090909091	3.5088108060312
700	0.46276734453925
720	0.26060857571629
740	0.18644269668074
760	0.18966281015421
780	0.13573430802307
800	0.087774553478576
14	2.4545454545455	3.4199726127315
700	0.23874867931092
720	0.16983910824733
740	0.26682981748901
760	0.18989968590811
780	0.10521720180969
800	0.10213339742674
14	2.7272727272727	2.6740230258205
