700	0.18179455400925
720	0.26118033468722
740	0.098612870852397
760	0.098350279629535
780	0.19566405177892
800	0.091681211891604
1	0.18181818181818	2.5982700747563
700	0.24719414726181
720	0.28786853733151
740	0.21205912074032
760	0.13683662930239
780	0.13197988655507
800	0.16176641165011
1	0.45454545454545	3.2411295371419
700	0.29668426310098
720	0.27628292201866
740	0.44498316982906
760	0.20777136327298
780	0.15102730876856
800	0.21194557612244
1	0.72727272727273	4.1389385969147
700	0.5034509019481
720	0.21246939955088
740	0.17008843907129
760	0.45429126182449
780	0.19953123381882
800	0.12868574408247
1	1	4.3376617040247
700	0.47357675865026
720	0.29394120688229
740	0.15307304333303
760	0.13354796487874
780	0.20865981180878
800	0.26364214194555
1	1.2727272727273	4.7137742443557
700	0.31731491475496
720	0.34287480974656
740	0.21285199336213
760	0.11677357055129
780	0.10194247378375
800	0.12059870942642
1	1.5454545454545	3.1627990247275
700	0.17107448955725
720	0.25550289727379
740	0.23446969007277
760	0.17787573100507
780	0.11180738287403
800	0.076992931205793
1	1.8181818181818	2.4672638715283
700	0.3623433078202
720	0.15989783375123
740	0.11914520371316
760	0.36416962565234
780	0.14349303761219
800	0.11142509753525
1	2.0909090909091	3.308239235755
700	0.14814979598561
720	0.080044643079675
740	0.066489251001426
760	0.07488208509953
780	0.14384108474827
800	0.13172017703948
1	2.4545454545455	2.1099693832596
700	0.096053542467392
720	0.12703482009806
740	0.08324875104833
760	0.046147076014882
780	0.039458395223845
800	0.037029968777133
1	2.7272727272727	1.0804055644926
700	0.23965427395582
720	0.29838262353601
740	0.10715981836775
760	0.083760736779606
780	0.17367459392446
800	0.11231007637615
1.4	0.18181818181818	2.871641877372
700	0.21049952528885
720	0.29766039666625
740	0.31594673399327
760	0.13519906168516
780	0.11456604656111
800	0.13953474623322
1.4	0.45454545454545	3.0850899118979
700	0.48255980940283
720	0.24437017321078
740	0.35273871357334
760	0.29904271728462
780	0.17210662713901
800	0.12990440626384
1.4	0.72727272727273	4.2188057526521
700	0.39766195782906
720	0.31843343908614
740	0.20808230789368
760	0.20578758991815
780	0.28429675918901
800	0.16790052708581
1.4	1	4.4268406558315
700	0.26425793096989
720	0.33436285733809
740	0.24401284104729
760	0.14683163237851
780	0.13092556463385
800	0.18795801852629
1.4	1.2727272727273	3.5964604128176
700	0.29522364649132
720	0.1992842233887
740	0.27701530001798
760	0.21052046254122
780	0.13150595980437
800	0.088779666673129
1.4	1.5454545454545	2.9555017507451
700	0.51990014040667
720	0.20034908902444
740	0.14310258463019
760	0.14727529594649
780	0.17476402920644
800	0.12504386894372
1.4	1.8181818181818	3.7012780505872
700	0.20376754461943
720	0.35213746084074
740	0.1947961206451
760	0.10267582017205
780	0.082023175000555
800	0.080297633190309
1.4	2.0909090909091	2.4961032166834
700	0.15812118261147
720	0.13090053230356
740	0.15441294548919
760	0.077401749217058
780	0.058085230677451
800	0.052575413856324
1.4	2.4545454545455	1.5668790479292
700	0.18372874743904
720	0.11642462357041
740	0.09983079065996
760	0.080312167881579
780	0.06135264464544
800	0.083229512472437
1.4	2.7272727272727	1.7453560930024
700	0.29139022281467
720	0.31202185454354
740	0.1270114699816
760	0.083843693675172
780	0.17035233572903
800	0.12646734169085
1.8	0.18181818181818	3.1456698201826
700	0.29305456759544
720	0.34207784755882
740	0.33519830540083
760	0.18693629146107
780	0.15053427082527
800	0.13039404595023
1.8	0.45454545454545	3.5951329229397
700	0.39808356111409
720	0.33327875786174
740	0.26719428957394
760	0.27734944942345
780	0.26034968324366
800	0.13027204720462
1.8	0.72727272727273	4.3368957784259
700	0.34571145742718
720	0.28611313384572
740	0.24787554946961
760	0.20320443825457
780	0.20763209637441
800	0.18166099978235
1.8	1	4.0660674395524
700	0.35722764359687
720	0.45873576717078
740	0.22135983222252
760	0.21182926501506
780	0.17771039688699
800	0.19807488053855
1.8	1.2727272727273	4.4257946014819
700	0.21233025240349
720	0.21999004543026
740	0.45920760855706
760	0.16754301452316
780	0.12950029985933
800	0.13165202906082
1.8	1.5454545454545	3.168846296853
700	0.21198489794269
720	0.1731124557734
740	0.13318278136399
760	0.14414314344323
780	0.34795754596683
800	0.1050388716008
1.8	1.8181818181818	3.2516045137803
700	0.2389982448831
720	0.15905842143418
740	0.27268012051258
760	0.11517974164141
780	0.090510932902571
800	0.08968239407163
1.8	2.0909090909091	2.4064140480481
700	0.23441847101132
720	0.20692715291001
740	0.15974401995316
760	0.21495161919509
780	0.10869195113927
800	0.080838970780069
1.8	2.4545454545455	2.5299222704292
700	0.19865154343848
720	0.12789850541259
740	0.12477089946641
760	0.13503473234498
780	0.12381980261253
800	0.090597020032966
1.8	2.7272727272727	2.2028963846991
700	0.28951743439317
720	0.31839379277678
740	0.12978932553956
760	0.086418808281711
780	0.16600098116263
800	0.13306109707035
2.2	0.18181818181818	3.185549918738
700	0.40061242549173
720	0.31228023012534
740	0.31806055291308
760	0.23240097963292
780	0.13250345960852
800	0.13159146933816
2.2	0.45454545454545	3.8378647139201
700	0.36939418926526
720	0.34475214251996
740	0.25495126011838
760	0.2658404359159
780	0.27839503244817
800	0.14680905675367
2.2	0.72727272727273	4.409478499829
700	0.44894267813892
720	0.29922696001097
740	0.22646557953666
760	0.23041292809017
780	0.22842380099071
800	0.17200740979294
2.2	1	4.4218966240311
700	0.29667738578297
720	0.48707386575462
740	0.22315572708561
760	0.21186953809166
780	0.19071796952284
800	0.26740286959548
2.2	1.2727272727273	4.7814480641145
700	0.21411981788426
720	0.15990953305641
740	0.25077686845218
760	0.15077406062256
780	0.13767923704894
800	0.12330106796696
2.2	1.5454545454545	2.743335235921
700	0.25814437552013
720	0.24066077197415
740	0.12944486105051
760	0.10429561814825
780	0.12122583831751
800	0.10542352512735
2.2	1.8181818181818	2.6380460968006
700	0.21567810053433
720	0.19555383314036
740	0.23169636101849
760	0.17901504411213
780	0.10010037190941
800	0.074657046388241
2.2	2.0909090909091	2.4138967405008
700	0.33202290583471
720	0.1874405040553
740	0.15248421396422
760	0.19437171754227
780	0.15907424974696
800	0.12204864888946
2.2	2.4545454545455	3.1557939664338
700	0.2736462763126
720	0.16289305156204
740	0.19643866170512
760	0.18363204235337
780	0.10022974730309
800	0.06656676100065
2.2	2.7272727272727	2.4275224487728
700	0.26842393847246
720	0.33726856463188
740	0.13294788060831
760	0.095017985230173
780	0.17555851452327
800	0.15564488403805
4	0.18181818181818	3.3538988024645
700	0.54662233281511
720	0.2480458800104
740	0.30618332960732
760	0.29865791815252
780	0.11672198100706
800	0.14291593467916
4	0.45454545454545	4.2305694957069
700	0.42759805400071
720	0.27662021830004
740	0.237206868673
760	0.27975997533827
780	0.2504242207969
800	0.14404365389223
4	0.72727272727273	4.3199327292851
700	0.50794641112802
720	0.25098490852326
740	0.34296772435447
760	0.213504278745
780	0.26183242253205
800	0.25450594136236
4	1	5.2283844009608
700	0.2545488699419
720	0.34066981003593
740	0.14143627176865
760	0.14695253275435
780	0.26032885879152
800	0.26863434426767
4	1.2727272727273	4.4095240015401
700	0.32513549492204
720	0.18722090668994
740	0.21643934292565
760	0.26464105260107
780	0.11287364850523
800	0.094715818434297
4	1.5454545454545	3.0006855116711
700	0.40939471570466
720	0.2634158083177
740	0.15048717411006
760	0.1309655150699
780	0.21306666118478
800	0.23611529866396
4	1.8181818181818	4.3096604230084
700	0.31812751438563
720	0.27192633740841
740	0.34331437908037
760	0.17521513361419
780	0.13682786992561
800	0.078903337233979
4	2.0909090909091	3.1514905366676
700	0.16395994750646
720	0.16121709598121
740	0.31183615301894
760	0.11401945983826
780	0.09606017177564
800	0.12720652863565
4	2.4545454545455	2.4915823786292
700	0.18662463813944
720	0.31778179301328
740	0.11424377169545
760	0.10062696640245
780	0.10634799555372
800	0.15164791682545
4	2.7272727272727	2.7945062349521
700	0.2602610927954
720	0.35048738191355
740	0.13181185620738
760	0.097463221465581
780	0.18530467177167
800	0.13608655613339
6	0.18181818181818	3.2765748858004
700	0.53117089717414
720	0.23573892769597
740	0.30442872681169
760	0.29024320920387
780	0.11959582542183
800	0.15137625041937
6	0.45454545454545	4.2068445394642
700	0.45396604626832
720	0.27041046473948
740	0.22064311809134
760	0.29239907529684
780	0.24460700975867
800	0.14167499587088
6	0.72727272727273	4.3476723826193
700	0.42326827549836
720	0.26381451774894
740	0.37113192811054
760	0.2232651952174
780	0.24777890110613
800	0.25364238106772
6	1	5.0090234432845
700	0.22537235088106
720	0.29638183419069
740	0.17223753975758
760	0.17850598391582
780	0.27519284365613
800	0.21247446212861
6	1.2727272727273	4.0390858881185
700	0.34220026806012
720	0.14830828019927
740	0.51300116507865
760	0.17831736148394
780	0.14809281287549
800	0.10697073654077
6	1.5454545454545	3.39358781963
700	0.34939360977727
720	0.35327460252374
740	0.20508682902946
760	0.096662654594414
780	0.43756073826985
800	0.10334805861627
6	1.8181818181818	4.3325275147384
700	0.26418500868749
720	0.22013404721749
740	0.48463563826735
760	0.19842834580859
780	0.21212911232253
800	0.0782121252485
6	2.0909090909091	3.372125223978
700	0.22268534633986
720	0.15535074437283
740	0.44975401769322
760	0.13930408146934
780	0.098664548746166
800	0.11727493988872
6	2.4545454545455	2.8090707364933
700	0.23754924030123
720	0.40372812287879
740	0.19618382847857
760	0.12538455805468
780	0.1988709172213
800	0.23864511028429
6	2.7272727272727	4.1189883217348
700	0.26699600704599
720	0.35019240662575
740	0.13222454291225
760	0.097971239915054
780	0.18363588789193
800	0.13184258095912
8	0.18181818181818	3.2647407878817
700	0.50659265534522
720	0.24020763889157
740	0.331744012585
760	0.27887415701374
780	0.12178086499477
800	0.18107756202061
8	0.45454545454545	4.3490705802962
700	0.44638162532438
720	0.26863761840531
740	0.22196530322731
760	0.29569509448908
780	0.24408671520095
800	0.13793518061276
8	0.72727272727273	4.3050194014816
700	0.40256694615055
720	0.30919708046619
740	0.31613427061622
760	0.22599876492639
780	0.2439953441535
800	0.24218294119356
8	1	4.8961327755808
700	0.20262580414819
720	0.17895692865857
740	0.19741607988803
760	0.21288181166838
780	0.29327505417309
800	0.20208495729665
8	1.2727272727273	3.8246884649634
700	0.32352291857704
720	0.13987571147567
740	0.45765796638069
760	0.12454357631437
780	0.14634632234547
800	0.1199374193325
8	1.5454545454545	3.2370466481148
700	0.23317545774662
720	0.28162335761883
740	0.20968296396346
760	0.092515119461992
780	0.14003481763997
800	0.089497845397779
8	1.8181818181818	2.7012485209983
700	0.37068349658802
720	0.21969901363366
740	0.16231295437071
760	0.19748575088911
780	0.19899408485403
800	0.087119774573581
8	2.0909090909091	3.2804469995996
700	0.23769560842598
720	0.30789203673493
740	0.23486012954659
760	0.1581161253873
780	0.097691948393468
800	0.10823707051719
8	2.4545454545455	2.8706419718091
700	0.24050292854856
720	0.30960772288421
740	0.21624502650693
760	0.14653116976674
780	0.14708083139123
800	0.17413927262831
8	2.7272727272727	3.4173396674056
700	0.26704186882244
720	0.35250236656319
740	0.13137750832806
760	0.098042174351104
780	0.18533629489071
800	0.13651413501688
10	0.18181818181818	3.303147470943
700	0.50331680588731
720	0.24053140867599
740	0.33954091829484
760	0.27101184148564
780	0.12287186686811
800	0.18381852711236
10	0.45454545454545	4.3574718937727
700	0.43601946459774
720	0.26747617822323
740	0.22264160400891
760	0.29702547426986
780	0.24332703886397
800	0.13545229364454
10	0.72727272727273	4.2583914578529
700	0.37525249034676
720	0.3360199370482
740	0.27981758238918
760	0.225638271824
780	0.24806668574795
800	0.23430629487508
10	1	4.7943853742956
700	0.1972804124486
720	0.15858697780935
740	0.19137214337898
760	0.23123040980506
780	0.27773993424841
800	0.18871055837862
10	1.2727272727273	3.6540011771776
700	0.32914212043428
720	0.14422529901368
740	0.21391122782312
760	0.10862557182676
780	0.14597913930334
800	0.12669178180333
10	1.5454545454545	2.9729578598576
700	0.1926597977266
720	0.28408164022548
740	0.21110944896692
760	0.095405735036303
780	0.11484643314275
800	0.062254936991217
10	1.8181818181818	2.3415806550523
700	0.3894283066862
720	0.24240255896999
740	0.17000110973544
760	0.20223123294103
780	0.19620889823119
800	0.099426885144077
10	2.0909090909091	3.4624910334192
700	0.26244672947362
720	0.31937547171701
740	0.20070829375422
760	0.17442580132998
780	0.098720520353678
800	0.10078435399028
10	2.4545454545455	2.9080190870323
700	0.19450778576041
720	0.2620380595941
740	0.22305699823049
760	0.12875296109859
780	0.11088844787465
800	0.1481732256147
10	2.7272727272727	2.8800524166671
700	0.25908895461663
720	0.34375360624028
740	0.13268197016592
760	0.098002771539556
780	0.18267405290979
800	0.1324435094785
12	0.18181818181818	3.229869636502
700	0.49382164065811
720	0.22071433786715
740	0.33820418638985
760	0.26567318752352
780	0.12660432560481
800	0.16010813957958
12	0.45454545454545	4.148685410457
700	0.41649207116407
720	0.26307854245686
740	0.24400424465279
760	0.29786073821865
780	0.24428204249202
800	0.13693374852526
12	0.72727272727273	4.2340876094856
700	0.33314708826013
720	0.35232314218753
740	0.25473851751273
760	0.22477623135971
780	0.2462063006619
800	0.23090766384616
12	1	4.6479866658892
700	0.19813456092782
720	0.15139701386347
740	0.25140486733898
760	0.24105678882007
780	0.26168995457375
800	0.19764507931631
12	1.2727272727273	3.7292036517683
700	0.32259350167345
720	0.13768896546109
740	0.16213418027473
760	0.10170248580244
780	0.13648087786205
800	0.13016987295229
12	1.5454545454545	2.8522078402442
700	0.23711087529048
720	0.29841383203453
740	0.21647075460824
760	0.097976687956047
780	0.11503758672563
800	0.073755567862901
12	1.8181818181818	2.5789691689992
700	0.36683474958068
720	0.25442624029542
740	0.19389308487206
760	0.20600193296678
780	0.19840449010146
800	0.094966710529511
12	2.0909090909091	3.439457928879
700	0.26179979614518
720	0.27001697158403
740	0.17951126452149
760	0.18880001063192
780	0.10321538937292
800	0.097977883945008
12	2.4545454545455	2.8021025554346
700	0.16854146851057
720	0.22827635174349
740	0.24453085967336
760	0.1170637442839
780	0.093786329885026
800	0.13585155413389
12	2.7272727272727	2.6078363552344
700	0.25891269975723
720	0.36468588344628
740	0.14437223659722
760	0.097937800356605
780	0.17194458735134
800	0.13177522621297
14	0.18181818181818	3.2439744447413
700	0.47906356508919
720	0.23743829830844
740	0.34280711526831
760	0.26191176805204
780	0.11811295205834
800	0.16129887695635
14	0.45454545454545	4.1170167329335
700	0.45021393248592
720	0.26191983372061
740	0.24702513811601
760	0.29848564069686
780	0.24168287109624
800	0.13661224532314
14	0.72727272727273	4.3212488185617
700	0.39497265390609
720	0.3594066606555
740	0.2562037298976
760	0.22396595068224
780	0.25505518335399
800	0.22857614452329
14	1	4.8566064195365
700	0.1854125819258
720	0.15167450677897
740	0.1736891763712
760	0.24675028985869
780	0.26030505586702
800	0.19652881993352
14	1.2727272727273	3.5950158079797
700	0.32651115892558
720	0.15167199219474
740	0.14592148797954
760	0.097944063727259
780	0.12922422077883
800	0.11244700873719
14	1.5454545454545	2.7318737396717
700	0.27011197761597
720	0.31573512765309
740	0.21594440688828
760	0.099945143618172
780	0.11628264717191
800	0.072533256180519
14	1.8181818181818	2.7080646490453
700	0.34392305147279
720	0.27905825522007
740	0.19753760694672
760	0.20850665662665
780	0.20466494825034
800	0.097353588957554
14	2.0909090909091	3.4702863646981
700	0.2838274060169
720	0.24481266425365
740	0.16569632781534
760	0.19888346339876
780	0.10349020182463
800	0.089674877833815
14	2.4545454545455	2.7635868514901
700	0.12089649713636
720	0.19559903750017
740	0.25854438285971
760	0.11113640821588
780	0.087097636720961
800	0.12266698349656
14	2.7272727272727	2.3086578945996

